x 		 t 		 u
0.0000 	 0.0000 	 0.000000
0.0000 	 0.0204 	 0.003173
0.0000 	 0.0408 	 0.003184
0.0000 	 0.0612 	 0.003198
0.0000 	 0.0816 	 0.003216
0.0000 	 0.1020 	 0.003239
0.0000 	 0.1224 	 0.003265
0.0000 	 0.1429 	 0.003296
0.0000 	 0.1633 	 0.003331
0.0000 	 0.1837 	 0.003371
0.0000 	 0.2041 	 0.003416
0.0000 	 0.2245 	 0.003465
0.0000 	 0.2449 	 0.003520
0.0000 	 0.2653 	 0.003580
0.0000 	 0.2857 	 0.003645
0.0000 	 0.3061 	 0.003717
0.0000 	 0.3265 	 0.003795
0.0000 	 0.3469 	 0.003879
0.0000 	 0.3673 	 0.003970
0.0000 	 0.3878 	 0.004068
0.0000 	 0.4082 	 0.004175
0.0000 	 0.4286 	 0.004289
0.0000 	 0.4490 	 0.004412
0.0000 	 0.4694 	 0.004545
0.0000 	 0.4898 	 0.004688
0.0000 	 0.5102 	 0.004841
0.0000 	 0.5306 	 0.005006
0.0000 	 0.5510 	 0.005184
0.0000 	 0.5714 	 0.005374
0.0000 	 0.5918 	 0.005579
0.0000 	 0.6122 	 0.005800
0.0000 	 0.6327 	 0.006037
0.0000 	 0.6531 	 0.006292
0.0000 	 0.6735 	 0.006566
0.0000 	 0.6939 	 0.006861
0.0000 	 0.7143 	 0.007180
0.0000 	 0.7347 	 0.007523
0.0000 	 0.7551 	 0.007893
0.0000 	 0.7755 	 0.008292
0.0000 	 0.7959 	 0.008723
0.0000 	 0.8163 	 0.009189
0.0000 	 0.8367 	 0.009693
0.0000 	 0.8571 	 0.010238
0.0000 	 0.8776 	 0.010828
0.0000 	 0.8980 	 0.011469
0.0000 	 0.9184 	 0.012164
0.0000 	 0.9388 	 0.012918
0.0000 	 0.9592 	 0.013738
0.0000 	 0.9796 	 0.014630
0.0000 	 1.0000 	 0.015602
0.1633 	 0.0000 	 0.639733
0.1633 	 0.0204 	 0.640245
0.1633 	 0.0408 	 0.641555
0.1633 	 0.0612 	 0.643654
0.1633 	 0.0816 	 0.646552
0.1633 	 0.1020 	 0.650262
0.1633 	 0.1224 	 0.654799
0.1633 	 0.1429 	 0.660183
0.1633 	 0.1633 	 0.666435
0.1633 	 0.1837 	 0.673581
0.1633 	 0.2041 	 0.681651
0.1633 	 0.2245 	 0.690678
0.1633 	 0.2449 	 0.700700
0.1633 	 0.2653 	 0.711759
0.1633 	 0.2857 	 0.723900
0.1633 	 0.3061 	 0.737176
0.1633 	 0.3265 	 0.751644
0.1633 	 0.3469 	 0.767366
0.1633 	 0.3673 	 0.784411
0.1633 	 0.3878 	 0.802855
0.1633 	 0.4082 	 0.822780
0.1633 	 0.4286 	 0.844279
0.1633 	 0.4490 	 0.867450
0.1633 	 0.4694 	 0.892402
0.1633 	 0.4898 	 0.919254
0.1633 	 0.5102 	 0.948138
0.1633 	 0.5306 	 0.979196
0.1633 	 0.5510 	 1.012584
0.1633 	 0.5714 	 1.048474
0.1633 	 0.5918 	 1.087052
0.1633 	 0.6122 	 1.128524
0.1633 	 0.6327 	 1.173115
0.1633 	 0.6531 	 1.221072
0.1633 	 0.6735 	 1.272666
0.1633 	 0.6939 	 1.328192
0.1633 	 0.7143 	 1.387979
0.1633 	 0.7347 	 1.452384
0.1633 	 0.7551 	 1.521803
0.1633 	 0.7755 	 1.596669
0.1633 	 0.7959 	 1.677463
0.1633 	 0.8163 	 1.764712
0.1633 	 0.8367 	 1.858998
0.1633 	 0.8571 	 1.960966
0.1633 	 0.8776 	 2.071328
0.1633 	 0.8980 	 2.190870
0.1633 	 0.9184 	 2.320465
0.1633 	 0.9388 	 2.461080
0.1633 	 0.9592 	 2.613788
0.1633 	 0.9796 	 2.779779
0.1633 	 1.0000 	 2.960380
0.3265 	 0.0000 	 1.252811
0.3265 	 0.0204 	 1.254032
0.3265 	 0.0408 	 1.256782
0.3265 	 0.0612 	 1.261077
0.3265 	 0.0816 	 1.266935
0.3265 	 0.1020 	 1.274381
0.3265 	 0.1224 	 1.283449
0.3265 	 0.1429 	 1.294174
0.3265 	 0.1633 	 1.306603
0.3265 	 0.1837 	 1.320785
0.3265 	 0.2041 	 1.336779
0.3265 	 0.2245 	 1.354652
0.3265 	 0.2449 	 1.374478
0.3265 	 0.2653 	 1.396339
0.3265 	 0.2857 	 1.420328
0.3265 	 0.3061 	 1.446546
0.3265 	 0.3265 	 1.475106
0.3265 	 0.3469 	 1.506131
0.3265 	 0.3673 	 1.539757
0.3265 	 0.3878 	 1.576134
0.3265 	 0.4082 	 1.615425
0.3265 	 0.4286 	 1.657810
0.3265 	 0.4490 	 1.703485
0.3265 	 0.4694 	 1.752666
0.3265 	 0.4898 	 1.805586
0.3265 	 0.5102 	 1.862504
0.3265 	 0.5306 	 1.923701
0.3265 	 0.5510 	 1.989486
0.3265 	 0.5714 	 2.060195
0.3265 	 0.5918 	 2.136198
0.3265 	 0.6122 	 2.217900
0.3265 	 0.6327 	 2.305744
0.3265 	 0.6531 	 2.400215
0.3265 	 0.6735 	 2.501849
0.3265 	 0.6939 	 2.611230
0.3265 	 0.7143 	 2.729002
0.3265 	 0.7347 	 2.855872
0.3265 	 0.7551 	 2.992618
0.3265 	 0.7755 	 3.140097
0.3265 	 0.7959 	 3.299253
0.3265 	 0.8163 	 3.471127
0.3265 	 0.8367 	 3.656869
0.3265 	 0.8571 	 3.857746
0.3265 	 0.8776 	 4.075162
0.3265 	 0.8980 	 4.310670
0.3265 	 0.9184 	 4.565989
0.3265 	 0.9388 	 4.843025
0.3265 	 0.9592 	 5.143894
0.3265 	 0.9796 	 5.470945
0.3265 	 1.0000 	 5.826789
0.4898 	 0.0000 	 1.839234
0.4898 	 0.0204 	 1.841149
0.4898 	 0.0408 	 1.845310
0.4898 	 0.0612 	 1.851739
0.4898 	 0.0816 	 1.860464
0.4898 	 0.1020 	 1.871523
0.4898 	 0.1224 	 1.884963
0.4898 	 0.1429 	 1.900840
0.4898 	 0.1633 	 1.919220
0.4898 	 0.1837 	 1.940177
0.4898 	 0.2041 	 1.963800
0.4898 	 0.2245 	 1.990185
0.4898 	 0.2449 	 2.019442
0.4898 	 0.2653 	 2.051693
0.4898 	 0.2857 	 2.087073
0.4898 	 0.3061 	 2.125733
0.4898 	 0.3265 	 2.167839
0.4898 	 0.3469 	 2.213573
0.4898 	 0.3673 	 2.263135
0.4898 	 0.3878 	 2.316746
0.4898 	 0.4082 	 2.374647
0.4898 	 0.4286 	 2.437102
0.4898 	 0.4490 	 2.504402
0.4898 	 0.4694 	 2.576862
0.4898 	 0.4898 	 2.654829
0.4898 	 0.5102 	 2.738684
0.4898 	 0.5306 	 2.828840
0.4898 	 0.5510 	 2.925752
0.4898 	 0.5714 	 3.029917
0.4898 	 0.5918 	 3.141879
0.4898 	 0.6122 	 3.262236
0.4898 	 0.6327 	 3.391640
0.4898 	 0.6531 	 3.530809
0.4898 	 0.6735 	 3.680528
0.4898 	 0.6939 	 3.841661
0.4898 	 0.7143 	 4.015157
0.4898 	 0.7347 	 4.202058
0.4898 	 0.7551 	 4.403511
0.4898 	 0.7755 	 4.620779
0.4898 	 0.7959 	 4.855254
0.4898 	 0.8163 	 5.108471
0.4898 	 0.8367 	 5.382123
0.4898 	 0.8571 	 5.678081
0.4898 	 0.8776 	 5.998415
0.4898 	 0.8980 	 6.345412
0.4898 	 0.9184 	 6.721609
0.4898 	 0.9388 	 7.129815
0.4898 	 0.9592 	 7.573151
0.4898 	 0.9796 	 8.055079
0.4898 	 1.0000 	 8.579451
0.6531 	 0.0000 	 2.399000
0.6531 	 0.0204 	 2.401578
0.6531 	 0.0408 	 2.407087
0.6531 	 0.0612 	 2.415554
0.6531 	 0.0816 	 2.427017
0.6531 	 0.1020 	 2.441525
0.6531 	 0.1224 	 2.459141
0.6531 	 0.1429 	 2.479938
0.6531 	 0.1633 	 2.504001
0.6531 	 0.1837 	 2.531430
0.6531 	 0.2041 	 2.562338
0.6531 	 0.2245 	 2.596852
0.6531 	 0.2449 	 2.635116
0.6531 	 0.2653 	 2.677289
0.6531 	 0.2857 	 2.723549
0.6531 	 0.3061 	 2.774092
0.6531 	 0.3265 	 2.829136
0.6531 	 0.3469 	 2.888918
0.6531 	 0.3673 	 2.953700
0.6531 	 0.3878 	 3.023772
0.6531 	 0.4082 	 3.099447
0.6531 	 0.4286 	 3.181072
0.6531 	 0.4490 	 3.269026
0.6531 	 0.4694 	 3.363722
0.6531 	 0.4898 	 3.465614
0.6531 	 0.5102 	 3.575197
0.6531 	 0.5306 	 3.693015
0.6531 	 0.5510 	 3.819660
0.6531 	 0.5714 	 3.955784
0.6531 	 0.5918 	 4.102097
0.6531 	 0.6122 	 4.259379
0.6531 	 0.6327 	 4.428486
0.6531 	 0.6531 	 4.610353
0.6531 	 0.6735 	 4.806009
0.6531 	 0.6939 	 5.016583
0.6531 	 0.7143 	 5.243315
0.6531 	 0.7347 	 5.487568
0.6531 	 0.7551 	 5.750841
0.6531 	 0.7755 	 6.034787
0.6531 	 0.7959 	 6.341224
0.6531 	 0.8163 	 6.672160
0.6531 	 0.8367 	 7.029809
0.6531 	 0.8571 	 7.416618
0.6531 	 0.8776 	 7.835291
0.6531 	 0.8980 	 8.288822
0.6531 	 0.9184 	 8.780525
0.6531 	 0.9388 	 9.314077
0.6531 	 0.9592 	 9.893556
0.6531 	 0.9796 	 10.523491
0.6531 	 1.0000 	 11.208920
0.8163 	 0.0000 	 2.932112
0.8163 	 0.0204 	 2.935321
0.8163 	 0.0408 	 2.942113
0.8163 	 0.0612 	 2.952521
0.8163 	 0.0816 	 2.966591
0.8163 	 0.1020 	 2.984386
0.8163 	 0.1224 	 3.005979
0.8163 	 0.1429 	 3.031461
0.8163 	 0.1633 	 3.060938
0.8163 	 0.1837 	 3.094529
0.8163 	 0.2041 	 3.132375
0.8163 	 0.2245 	 3.174632
0.8163 	 0.2449 	 3.221474
0.8163 	 0.2653 	 3.273098
0.8163 	 0.2857 	 3.329720
0.8163 	 0.3061 	 3.391581
0.8163 	 0.3265 	 3.458947
0.8163 	 0.3469 	 3.532109
0.8163 	 0.3673 	 3.611388
0.8163 	 0.3878 	 3.697137
0.8163 	 0.4082 	 3.789742
0.8163 	 0.4286 	 3.889625
0.8163 	 0.4490 	 3.997251
0.8163 	 0.4694 	 4.113126
0.8163 	 0.4898 	 4.237804
0.8163 	 0.5102 	 4.371893
0.8163 	 0.5306 	 4.516057
0.8163 	 0.5510 	 4.671023
0.8163 	 0.5714 	 4.837586
0.8163 	 0.5918 	 5.016617
0.8163 	 0.6122 	 5.209070
0.8163 	 0.6327 	 5.415992
0.8163 	 0.6531 	 5.638529
0.8163 	 0.6735 	 5.877940
0.8163 	 0.6939 	 6.135606
0.8163 	 0.7143 	 6.413045
0.8163 	 0.7347 	 6.711926
0.8163 	 0.7551 	 7.034084
0.8163 	 0.7755 	 7.381541
0.8163 	 0.7959 	 7.756524
0.8163 	 0.8163 	 8.161489
0.8163 	 0.8367 	 8.599148
0.8163 	 0.8571 	 9.072494
0.8163 	 0.8776 	 9.584840
0.8163 	 0.8980 	 10.139848
0.8163 	 0.9184 	 10.741578
0.8163 	 0.9388 	 11.394529
0.8163 	 0.9592 	 12.103693
0.8163 	 0.9796 	 12.874616
0.8163 	 1.0000 	 13.713463
0.9796 	 0.0000 	 3.438567
0.9796 	 0.0204 	 3.442377
0.9796 	 0.0408 	 3.450388
0.9796 	 0.0612 	 3.462640
0.9796 	 0.0816 	 3.479188
0.9796 	 0.1020 	 3.500104
0.9796 	 0.1224 	 3.525476
0.9796 	 0.1429 	 3.555409
0.9796 	 0.1633 	 3.590028
0.9796 	 0.1837 	 3.629475
0.9796 	 0.2041 	 3.673913
0.9796 	 0.2245 	 3.723525
0.9796 	 0.2449 	 3.778517
0.9796 	 0.2653 	 3.839118
0.9796 	 0.2857 	 3.905585
0.9796 	 0.3061 	 3.978198
0.9796 	 0.3265 	 4.057270
0.9796 	 0.3469 	 4.143144
0.9796 	 0.3673 	 4.236195
0.9796 	 0.3878 	 4.336838
0.9796 	 0.4082 	 4.445525
0.9796 	 0.4286 	 4.562755
0.9796 	 0.4490 	 4.689069
0.9796 	 0.4694 	 4.825064
0.9796 	 0.4898 	 4.971390
0.9796 	 0.5102 	 5.128761
0.9796 	 0.5306 	 5.297955
0.9796 	 0.5510 	 5.479825
0.9796 	 0.5714 	 5.675306
0.9796 	 0.5918 	 5.885419
0.9796 	 0.6122 	 6.111286
0.9796 	 0.6327 	 6.354133
0.9796 	 0.6531 	 6.615308
0.9796 	 0.6735 	 6.896287
0.9796 	 0.6939 	 7.198692
0.9796 	 0.7143 	 7.524304
0.9796 	 0.7347 	 7.875083
0.9796 	 0.7551 	 8.253183
0.9796 	 0.7755 	 8.660977
0.9796 	 0.7959 	 9.101080
0.9796 	 0.8163 	 9.576376
0.9796 	 0.8367 	 10.090046
0.9796 	 0.8571 	 10.645606
0.9796 	 0.8776 	 11.246943
0.9796 	 0.8980 	 11.898359
0.9796 	 0.9184 	 12.604618
0.9796 	 0.9388 	 13.371002
0.9796 	 0.9592 	 14.203372
0.9796 	 0.9796 	 15.108239
0.9796 	 1.0000 	 16.092841
1.1429 	 0.0000 	 3.918367
1.1429 	 0.0204 	 3.922746
1.1429 	 0.0408 	 3.931912
1.1429 	 0.0612 	 3.945911
1.1429 	 0.0816 	 3.964807
1.1429 	 0.1020 	 3.988680
1.1429 	 0.1224 	 4.017631
1.1429 	 0.1429 	 4.051782
1.1429 	 0.1633 	 4.091273
1.1429 	 0.1837 	 4.136267
1.1429 	 0.2041 	 4.186950
1.1429 	 0.2245 	 4.243530
1.1429 	 0.2449 	 4.306243
1.1429 	 0.2653 	 4.375350
1.1429 	 0.2857 	 4.451143
1.1429 	 0.3061 	 4.533943
1.1429 	 0.3265 	 4.624106
1.1429 	 0.3469 	 4.722021
1.1429 	 0.3673 	 4.828120
1.1429 	 0.3878 	 4.942873
1.1429 	 0.4082 	 5.066798
1.1429 	 0.4286 	 5.200460
1.1429 	 0.4490 	 5.344480
1.1429 	 0.4694 	 5.499537
1.1429 	 0.4898 	 5.666372
1.1429 	 0.5102 	 5.845798
1.1429 	 0.5306 	 6.038705
1.1429 	 0.5510 	 6.246064
1.1429 	 0.5714 	 6.468942
1.1429 	 0.5918 	 6.708502
1.1429 	 0.6122 	 6.966024
1.1429 	 0.6327 	 7.242907
1.1429 	 0.6531 	 7.540686
1.1429 	 0.6735 	 7.861046
1.1429 	 0.6939 	 8.205835
1.1429 	 0.7143 	 8.577086
1.1429 	 0.7347 	 8.977033
1.1429 	 0.7551 	 9.408131
1.1429 	 0.7755 	 9.873089
1.1429 	 0.7959 	 10.374886
1.1429 	 0.8163 	 10.916811
1.1429 	 0.8367 	 11.502493
1.1429 	 0.8571 	 12.135942
1.1429 	 0.8776 	 12.821589
1.1429 	 0.8980 	 13.564341
1.1429 	 0.9184 	 14.369630
1.1429 	 0.9388 	 15.243479
1.1429 	 0.9592 	 16.192573
1.1429 	 0.9796 	 17.224337
1.1429 	 1.0000 	 18.347025
1.3061 	 0.0000 	 4.371512
1.3061 	 0.0204 	 4.376428
1.3061 	 0.0408 	 4.386685
1.3061 	 0.0612 	 4.402335
1.3061 	 0.0816 	 4.423447
1.3061 	 0.1020 	 4.450113
1.3061 	 0.1224 	 4.482446
1.3061 	 0.1429 	 4.520580
1.3061 	 0.1633 	 4.564672
1.3061 	 0.1837 	 4.614905
1.3061 	 0.2041 	 4.671486
1.3061 	 0.2245 	 4.734648
1.3061 	 0.2449 	 4.804653
1.3061 	 0.2653 	 4.881794
1.3061 	 0.2857 	 4.966395
1.3061 	 0.3061 	 5.058816
1.3061 	 0.3265 	 5.159453
1.3061 	 0.3469 	 5.268742
1.3061 	 0.3673 	 5.387164
1.3061 	 0.3878 	 5.515243
1.3061 	 0.4082 	 5.653559
1.3061 	 0.4286 	 5.802741
1.3061 	 0.4490 	 5.963484
1.3061 	 0.4694 	 6.136543
1.3061 	 0.4898 	 6.322748
1.3061 	 0.5102 	 6.523006
1.3061 	 0.5306 	 6.738308
1.3061 	 0.5510 	 6.969741
1.3061 	 0.5714 	 7.218493
1.3061 	 0.5918 	 7.485866
1.3061 	 0.6122 	 7.773285
1.3061 	 0.6327 	 8.082313
1.3061 	 0.6531 	 8.414663
1.3061 	 0.6735 	 8.772217
1.3061 	 0.6939 	 9.157037
1.3061 	 0.7143 	 9.571392
1.3061 	 0.7347 	 10.017775
1.3061 	 0.7551 	 10.498929
1.3061 	 0.7755 	 11.017874
1.3061 	 0.7959 	 11.577939
1.3061 	 0.8163 	 12.182794
1.3061 	 0.8367 	 12.836489
1.3061 	 0.8571 	 13.543500
1.3061 	 0.8776 	 14.308776
1.3061 	 0.8980 	 15.137790
1.3061 	 0.9184 	 16.036608
1.3061 	 0.9388 	 17.011955
1.3061 	 0.9592 	 18.071291
1.3061 	 0.9796 	 19.222904
1.3061 	 1.0000 	 20.476010
1.4694 	 0.0000 	 4.798001
1.4694 	 0.0204 	 4.803423
1.4694 	 0.0408 	 4.814707
1.4694 	 0.0612 	 4.831910
1.4694 	 0.0816 	 4.855109
1.4694 	 0.1020 	 4.884404
1.4694 	 0.1224 	 4.919919
1.4694 	 0.1429 	 4.961802
1.4694 	 0.1633 	 5.010226
1.4694 	 0.1837 	 5.065390
1.4694 	 0.2041 	 5.127521
1.4694 	 0.2245 	 5.196878
1.4694 	 0.2449 	 5.273746
1.4694 	 0.2653 	 5.358448
1.4694 	 0.2857 	 5.451340
1.4694 	 0.3061 	 5.552816
1.4694 	 0.3265 	 5.663311
1.4694 	 0.3469 	 5.783306
1.4694 	 0.3673 	 5.913325
1.4694 	 0.3878 	 6.053948
1.4694 	 0.4082 	 6.205807
1.4694 	 0.4286 	 6.369598
1.4694 	 0.4490 	 6.546079
1.4694 	 0.4694 	 6.736083
1.4694 	 0.4898 	 6.940518
1.4694 	 0.5102 	 7.160382
1.4694 	 0.5306 	 7.396764
1.4694 	 0.5510 	 7.650854
1.4694 	 0.5714 	 7.923960
1.4694 	 0.5918 	 8.217509
1.4694 	 0.6122 	 8.533067
1.4694 	 0.6327 	 8.872349
1.4694 	 0.6531 	 9.237239
1.4694 	 0.6735 	 9.629798
1.4694 	 0.6939 	 10.052295
1.4694 	 0.7143 	 10.507220
1.4694 	 0.7347 	 10.997309
1.4694 	 0.7551 	 11.525574
1.4694 	 0.7755 	 12.095333
1.4694 	 0.7959 	 12.710239
1.4694 	 0.8163 	 13.374323
1.4694 	 0.8367 	 14.092031
1.4694 	 0.8571 	 14.868280
1.4694 	 0.8776 	 15.708500
1.4694 	 0.8980 	 16.618705
1.4694 	 0.9184 	 17.605553
1.4694 	 0.9388 	 18.676428
1.4694 	 0.9592 	 19.839524
1.4694 	 0.9796 	 21.103939
1.4694 	 1.0000 	 22.479793
1.6327 	 0.0000 	 5.197834
1.6327 	 0.0204 	 5.203730
1.6327 	 0.0408 	 5.215978
1.6327 	 0.0612 	 5.234637
1.6327 	 0.0816 	 5.259792
1.6327 	 0.1020 	 5.291552
1.6327 	 0.1224 	 5.330051
1.6327 	 0.1429 	 5.375449
1.6327 	 0.1633 	 5.427933
1.6327 	 0.1837 	 5.487720
1.6327 	 0.2041 	 5.555056
1.6327 	 0.2245 	 5.630220
1.6327 	 0.2449 	 5.713523
1.6327 	 0.2653 	 5.805314
1.6327 	 0.2857 	 5.905978
1.6327 	 0.3061 	 6.015943
1.6327 	 0.3265 	 6.135681
1.6327 	 0.3469 	 6.265712
1.6327 	 0.3673 	 6.406605
1.6327 	 0.3878 	 6.558987
1.6327 	 0.4082 	 6.723544
1.6327 	 0.4286 	 6.901030
1.6327 	 0.4490 	 7.092266
1.6327 	 0.4694 	 7.298155
1.6327 	 0.4898 	 7.519683
1.6327 	 0.5102 	 7.757928
1.6327 	 0.5306 	 8.014071
1.6327 	 0.5510 	 8.289404
1.6327 	 0.5714 	 8.585341
1.6327 	 0.5918 	 8.903431
1.6327 	 0.6122 	 9.245369
1.6327 	 0.6327 	 9.613017
1.6327 	 0.6531 	 10.008411
1.6327 	 0.6735 	 10.433790
1.6327 	 0.6939 	 10.891610
1.6327 	 0.7143 	 11.384568
1.6327 	 0.7347 	 11.915633
1.6327 	 0.7551 	 12.488067
1.6327 	 0.7755 	 13.105464
1.6327 	 0.7959 	 13.771785
1.6327 	 0.8163 	 14.491396
1.6327 	 0.8367 	 15.269119
1.6327 	 0.8571 	 16.110278
1.6327 	 0.8776 	 17.020761
1.6327 	 0.8980 	 18.007083
1.6327 	 0.9184 	 19.076462
1.6327 	 0.9388 	 20.236897
1.6327 	 0.9592 	 21.497269
1.6327 	 0.9796 	 22.867439
1.6327 	 1.0000 	 24.358373
1.7959 	 0.0000 	 5.571012
1.7959 	 0.0204 	 5.577351
1.7959 	 0.0408 	 5.590497
1.7959 	 0.0612 	 5.610516
1.7959 	 0.0816 	 5.637498
1.7959 	 0.1020 	 5.671558
1.7959 	 0.1224 	 5.712842
1.7959 	 0.1429 	 5.761520
1.7959 	 0.1633 	 5.817794
1.7959 	 0.1837 	 5.881896
1.7959 	 0.2041 	 5.954090
1.7959 	 0.2245 	 6.034674
1.7959 	 0.2449 	 6.123983
1.7959 	 0.2653 	 6.222390
1.7959 	 0.2857 	 6.330309
1.7959 	 0.3061 	 6.448198
1.7959 	 0.3265 	 6.576562
1.7959 	 0.3469 	 6.715960
1.7959 	 0.3673 	 6.867002
1.7959 	 0.3878 	 7.030359
1.7959 	 0.4082 	 7.206769
1.7959 	 0.4286 	 7.397037
1.7959 	 0.4490 	 7.602045
1.7959 	 0.4694 	 7.822761
1.7959 	 0.4898 	 8.060241
1.7959 	 0.5102 	 8.315642
1.7959 	 0.5306 	 8.590230
1.7959 	 0.5510 	 8.885389
1.7959 	 0.5714 	 9.202636
1.7959 	 0.5918 	 9.543631
1.7959 	 0.6122 	 9.910192
1.7959 	 0.6327 	 10.304314
1.7959 	 0.6531 	 10.728181
1.7959 	 0.6735 	 11.184192
1.7959 	 0.6939 	 11.674980
1.7959 	 0.7143 	 12.203438
1.7959 	 0.7347 	 12.772746
1.7959 	 0.7551 	 13.386405
1.7959 	 0.7755 	 14.048266
1.7959 	 0.7959 	 14.762575
1.7959 	 0.8163 	 15.534014
1.7959 	 0.8367 	 16.367751
1.7959 	 0.8571 	 17.269495
1.7959 	 0.8776 	 18.245558
1.7959 	 0.8980 	 19.302925
1.7959 	 0.9184 	 20.449333
1.7959 	 0.9388 	 21.693360
1.7959 	 0.9592 	 23.044525
1.7959 	 0.9796 	 24.513402
1.7959 	 1.0000 	 26.111745
1.9592 	 0.0000 	 5.917534
1.9592 	 0.0204 	 5.924285
1.9592 	 0.0408 	 5.938266
1.9592 	 0.0612 	 5.959547
1.9592 	 0.0816 	 5.988224
1.9592 	 0.1020 	 6.024421
1.9592 	 0.1224 	 6.068291
1.9592 	 0.1429 	 6.120015
1.9592 	 0.1633 	 6.179809
1.9592 	 0.1837 	 6.247918
1.9592 	 0.2041 	 6.324623
1.9592 	 0.2245 	 6.410240
1.9592 	 0.2449 	 6.505126
1.9592 	 0.2653 	 6.609677
1.9592 	 0.2857 	 6.724332
1.9592 	 0.3061 	 6.849579
1.9592 	 0.3265 	 6.985955
1.9592 	 0.3469 	 7.134050
1.9592 	 0.3673 	 7.294516
1.9592 	 0.3878 	 7.468066
1.9592 	 0.4082 	 7.655481
1.9592 	 0.4286 	 7.857618
1.9592 	 0.4490 	 8.075415
1.9592 	 0.4694 	 8.309899
1.9592 	 0.4898 	 8.562193
1.9592 	 0.5102 	 8.833525
1.9592 	 0.5306 	 9.125240
1.9592 	 0.5510 	 9.438810
1.9592 	 0.5714 	 9.775845
1.9592 	 0.5918 	 10.138110
1.9592 	 0.6122 	 10.527535
1.9592 	 0.6327 	 10.946240
1.9592 	 0.6531 	 11.396546
1.9592 	 0.6735 	 11.881002
1.9592 	 0.6939 	 12.402404
1.9592 	 0.7143 	 12.963827
1.9592 	 0.7347 	 13.568649
1.9592 	 0.7551 	 14.220588
1.9592 	 0.7755 	 14.923738
1.9592 	 0.7959 	 15.682608
1.9592 	 0.8163 	 16.502174
1.9592 	 0.8367 	 17.387926
1.9592 	 0.8571 	 18.345928
1.9592 	 0.8776 	 19.382889
1.9592 	 0.8980 	 20.506227
1.9592 	 0.9184 	 21.724165
1.9592 	 0.9388 	 23.045815
1.9592 	 0.9592 	 24.481290
1.9592 	 0.9796 	 26.041825
1.9592 	 1.0000 	 27.739910
2.1224 	 0.0000 	 6.237401
2.1224 	 0.0204 	 6.244531
2.1224 	 0.0408 	 6.259283
2.1224 	 0.0612 	 6.281730
2.1224 	 0.0816 	 6.311973
2.1224 	 0.1020 	 6.350142
2.1224 	 0.1224 	 6.396399
2.1224 	 0.1429 	 6.450935
2.1224 	 0.1633 	 6.513978
2.1224 	 0.1837 	 6.585785
2.1224 	 0.2041 	 6.666654
2.1224 	 0.2245 	 6.756918
2.1224 	 0.2449 	 6.856953
2.1224 	 0.2653 	 6.967175
2.1224 	 0.2857 	 7.088048
2.1224 	 0.3061 	 7.220087
2.1224 	 0.3265 	 7.363857
2.1224 	 0.3469 	 7.519983
2.1224 	 0.3673 	 7.689148
2.1224 	 0.3878 	 7.872105
2.1224 	 0.4082 	 8.069680
2.1224 	 0.4286 	 8.282774
2.1224 	 0.4490 	 8.512376
2.1224 	 0.4694 	 8.759569
2.1224 	 0.4898 	 9.025537
2.1224 	 0.5102 	 9.311575
2.1224 	 0.5306 	 9.619101
2.1224 	 0.5510 	 9.949666
2.1224 	 0.5714 	 10.304967
2.1224 	 0.5918 	 10.686866
2.1224 	 0.6122 	 11.097397
2.1224 	 0.6327 	 11.538795
2.1224 	 0.6531 	 12.013507
2.1224 	 0.6735 	 12.524220
2.1224 	 0.6939 	 13.073883
2.1224 	 0.7143 	 13.665735
2.1224 	 0.7347 	 14.303340
2.1224 	 0.7551 	 14.990616
2.1224 	 0.7755 	 15.731879
2.1224 	 0.7959 	 16.531884
2.1224 	 0.8163 	 17.395875
2.1224 	 0.8367 	 18.329642
2.1224 	 0.8571 	 19.339577
2.1224 	 0.8776 	 20.432752
2.1224 	 0.8980 	 21.616989
2.1224 	 0.9184 	 22.900955
2.1224 	 0.9388 	 24.294259
2.1224 	 0.9592 	 25.807562
2.1224 	 0.9796 	 27.452707
2.1224 	 1.0000 	 29.242862
2.2857 	 0.0000 	 6.530612
2.2857 	 0.0204 	 6.538091
2.2857 	 0.0408 	 6.553549
2.2857 	 0.0612 	 6.577065
2.2857 	 0.0816 	 6.608742
2.2857 	 0.1020 	 6.648720
2.2857 	 0.1224 	 6.697165
2.2857 	 0.1429 	 6.754280
2.2857 	 0.1633 	 6.820300
2.2857 	 0.1837 	 6.895499
2.2857 	 0.2041 	 6.980185
2.2857 	 0.2245 	 7.074708
2.2857 	 0.2449 	 7.179462
2.2857 	 0.2653 	 7.294883
2.2857 	 0.2857 	 7.421457
2.2857 	 0.3061 	 7.559722
2.2857 	 0.3265 	 7.710271
2.2857 	 0.3469 	 7.873756
2.2857 	 0.3673 	 8.050897
2.2857 	 0.3878 	 8.242478
2.2857 	 0.4082 	 8.449365
2.2857 	 0.4286 	 8.672503
2.2857 	 0.4490 	 8.912928
2.2857 	 0.4694 	 9.171771
2.2857 	 0.4898 	 9.450274
2.2857 	 0.5102 	 9.749793
2.2857 	 0.5306 	 10.071812
2.2857 	 0.5510 	 10.417956
2.2857 	 0.5714 	 10.790002
2.2857 	 0.5918 	 11.189899
2.2857 	 0.6122 	 11.619778
2.2857 	 0.6327 	 12.081979
2.2857 	 0.6531 	 12.579064
2.2857 	 0.6735 	 13.113846
2.2857 	 0.6939 	 13.689414
2.2857 	 0.7143 	 14.309161
2.2857 	 0.7347 	 14.976817
2.2857 	 0.7551 	 15.696486
2.2857 	 0.7755 	 16.472688
2.2857 	 0.7959 	 17.310401
2.2857 	 0.8163 	 18.215117
2.2857 	 0.8367 	 19.192898
2.2857 	 0.8571 	 20.250440
2.2857 	 0.8776 	 21.395146
2.2857 	 0.8980 	 22.635208
2.2857 	 0.9184 	 23.979703
2.2857 	 0.9388 	 25.438691
2.2857 	 0.9592 	 27.023338
2.2857 	 0.9796 	 28.746045
2.2857 	 1.0000 	 30.620601
2.4490 	 0.0000 	 6.797168
2.4490 	 0.0204 	 6.804963
2.4490 	 0.0408 	 6.821064
2.4490 	 0.0612 	 6.845551
2.4490 	 0.0816 	 6.878534
2.4490 	 0.1020 	 6.920155
2.4490 	 0.1224 	 6.970589
2.4490 	 0.1429 	 7.030048
2.4490 	 0.1633 	 7.098776
2.4490 	 0.1837 	 7.177057
2.4490 	 0.2041 	 7.265214
2.4490 	 0.2245 	 7.363610
2.4490 	 0.2449 	 7.472654
2.4490 	 0.2653 	 7.592801
2.4490 	 0.2857 	 7.724558
2.4490 	 0.3061 	 7.868483
2.4490 	 0.3265 	 8.025195
2.4490 	 0.3469 	 8.195372
2.4490 	 0.3673 	 8.379762
2.4490 	 0.3878 	 8.579184
2.4490 	 0.4082 	 8.794538
2.4490 	 0.4286 	 9.026807
2.4490 	 0.4490 	 9.277069
2.4490 	 0.4694 	 9.546505
2.4490 	 0.4898 	 9.836404
2.4490 	 0.5102 	 10.148178
2.4490 	 0.5306 	 10.483373
2.4490 	 0.5510 	 10.843680
2.4490 	 0.5714 	 11.230949
2.4490 	 0.5918 	 11.647208
2.4490 	 0.6122 	 12.094677
2.4490 	 0.6327 	 12.575790
2.4490 	 0.6531 	 13.093214
2.4490 	 0.6735 	 13.649879
2.4490 	 0.6939 	 14.248998
2.4490 	 0.7143 	 14.894105
2.4490 	 0.7347 	 15.589081
2.4490 	 0.7551 	 16.338199
2.4490 	 0.7755 	 17.146164
2.4490 	 0.7959 	 18.018158
2.4490 	 0.8163 	 18.959898
2.4490 	 0.8367 	 19.977694
2.4490 	 0.8571 	 21.078515
2.4490 	 0.8776 	 22.270069
2.4490 	 0.8980 	 23.560884
2.4490 	 0.9184 	 24.960406
2.4490 	 0.9388 	 26.479110
2.4490 	 0.9592 	 28.128616
2.4490 	 0.9796 	 29.921836
2.4490 	 1.0000 	 31.873123
2.6122 	 0.0000 	 7.037068
2.6122 	 0.0204 	 7.045148
2.6122 	 0.0408 	 7.061828
2.6122 	 0.0612 	 7.087189
2.6122 	 0.0816 	 7.121346
2.6122 	 0.1020 	 7.164447
2.6122 	 0.1224 	 7.216672
2.6122 	 0.1429 	 7.278241
2.6122 	 0.1633 	 7.349406
2.6122 	 0.1837 	 7.430461
2.6122 	 0.2041 	 7.521741
2.6122 	 0.2245 	 7.623622
2.6122 	 0.2449 	 7.736528
2.6122 	 0.2653 	 7.860930
2.6122 	 0.2857 	 7.997351
2.6122 	 0.3061 	 8.146371
2.6122 	 0.3265 	 8.308629
2.6122 	 0.3469 	 8.484829
2.6122 	 0.3673 	 8.675744
2.6122 	 0.3878 	 8.882223
2.6122 	 0.4082 	 9.105197
2.6122 	 0.4286 	 9.345684
2.6122 	 0.4490 	 9.604801
2.6122 	 0.4694 	 9.883769
2.6122 	 0.4898 	 10.183925
2.6122 	 0.5102 	 10.506730
2.6122 	 0.5306 	 10.853784
2.6122 	 0.5510 	 11.226838
2.6122 	 0.5714 	 11.627808
2.6122 	 0.5918 	 12.058794
2.6122 	 0.6122 	 12.522094
2.6122 	 0.6327 	 13.020227
2.6122 	 0.6531 	 13.555958
2.6122 	 0.6735 	 14.132317
2.6122 	 0.6939 	 14.752634
2.6122 	 0.7143 	 15.420565
2.6122 	 0.7347 	 16.140130
2.6122 	 0.7551 	 16.915754
2.6122 	 0.7755 	 17.752306
2.6122 	 0.7959 	 18.655154
2.6122 	 0.8163 	 19.630217
2.6122 	 0.8367 	 20.684027
2.6122 	 0.8571 	 21.823802
2.6122 	 0.8776 	 23.057520
2.6122 	 0.8980 	 24.394014
2.6122 	 0.9184 	 25.843063
2.6122 	 0.9388 	 27.415512
2.6122 	 0.9592 	 29.123395
2.6122 	 0.9796 	 30.980080
2.6122 	 1.0000 	 33.000427
2.7755 	 0.0000 	 7.250312
2.7755 	 0.0204 	 7.258646
2.7755 	 0.0408 	 7.275840
2.7755 	 0.0612 	 7.301979
2.7755 	 0.0816 	 7.337180
2.7755 	 0.1020 	 7.381596
2.7755 	 0.1224 	 7.435414
2.7755 	 0.1429 	 7.498857
2.7755 	 0.1633 	 7.572189
2.7755 	 0.1837 	 7.655711
2.7755 	 0.2041 	 7.749767
2.7755 	 0.2245 	 7.854747
2.7755 	 0.2449 	 7.971085
2.7755 	 0.2653 	 8.099268
2.7755 	 0.2857 	 8.239835
2.7755 	 0.3061 	 8.393384
2.7755 	 0.3265 	 8.560573
2.7755 	 0.3469 	 8.742126
2.7755 	 0.3673 	 8.938842
2.7755 	 0.3878 	 9.151594
2.7755 	 0.4082 	 9.381341
2.7755 	 0.4286 	 9.629134
2.7755 	 0.4490 	 9.896123
2.7755 	 0.4694 	 10.183565
2.7755 	 0.4898 	 10.492837
2.7755 	 0.5102 	 10.825447
2.7755 	 0.5306 	 11.183043
2.7755 	 0.5510 	 11.567429
2.7755 	 0.5714 	 11.980578
2.7755 	 0.5918 	 12.424655
2.7755 	 0.6122 	 12.902027
2.7755 	 0.6327 	 13.415292
2.7755 	 0.6531 	 13.967295
2.7755 	 0.6735 	 14.561162
2.7755 	 0.6939 	 15.200321
2.7755 	 0.7143 	 15.888540
2.7755 	 0.7347 	 16.629964
2.7755 	 0.7551 	 17.429149
2.7755 	 0.7755 	 18.291113
2.7755 	 0.7959 	 19.221388
2.7755 	 0.8163 	 20.226072
2.7755 	 0.8367 	 21.311897
2.7755 	 0.8571 	 22.486298
2.7755 	 0.8776 	 23.757498
2.7755 	 0.8980 	 25.134596
2.7755 	 0.9184 	 26.627671
2.7755 	 0.9388 	 28.247897
2.7755 	 0.9592 	 30.007673
2.7755 	 0.9796 	 31.920772
2.7755 	 1.0000 	 34.002510
2.9388 	 0.0000 	 7.436901
2.9388 	 0.0204 	 7.445457
2.9388 	 0.0408 	 7.463102
2.9388 	 0.0612 	 7.489921
2.9388 	 0.0816 	 7.526036
2.9388 	 0.1020 	 7.571602
2.9388 	 0.1224 	 7.626813
2.9388 	 0.1429 	 7.691898
2.9388 	 0.1633 	 7.767125
2.9388 	 0.1837 	 7.852806
2.9388 	 0.2041 	 7.949292
2.9388 	 0.2245 	 8.056982
2.9388 	 0.2449 	 8.176324
2.9388 	 0.2653 	 8.307816
2.9388 	 0.2857 	 8.452012
2.9388 	 0.3061 	 8.609523
2.9388 	 0.3265 	 8.781026
2.9388 	 0.3469 	 8.967265
2.9388 	 0.3673 	 9.169056
2.9388 	 0.3878 	 9.387297
2.9388 	 0.4082 	 9.622972
2.9388 	 0.4286 	 9.877158
2.9388 	 0.4490 	 10.151033
2.9388 	 0.4694 	 10.445890
2.9388 	 0.4898 	 10.763141
2.9388 	 0.5102 	 11.104331
2.9388 	 0.5306 	 11.471151
2.9388 	 0.5510 	 11.865452
2.9388 	 0.5714 	 12.289259
2.9388 	 0.5918 	 12.744791
2.9388 	 0.6122 	 13.234478
2.9388 	 0.6327 	 13.760982
2.9388 	 0.6531 	 14.327225
2.9388 	 0.6735 	 14.936410
2.9388 	 0.6939 	 15.592057
2.9388 	 0.7143 	 16.298031
2.9388 	 0.7347 	 17.058581
2.9388 	 0.7551 	 17.878383
2.9388 	 0.7755 	 18.762585
2.9388 	 0.7959 	 19.716859
2.9388 	 0.8163 	 20.747463
2.9388 	 0.8367 	 21.861301
2.9388 	 0.8571 	 23.066003
2.9388 	 0.8776 	 24.370001
2.9388 	 0.8980 	 25.782630
2.9388 	 0.9184 	 27.314230
2.9388 	 0.9388 	 28.976262
2.9388 	 0.9592 	 30.781446
2.9388 	 0.9796 	 32.743912
2.9388 	 1.0000 	 34.879369
3.1020 	 0.0000 	 7.596835
3.1020 	 0.0204 	 7.605581
3.1020 	 0.0408 	 7.623612
3.1020 	 0.0612 	 7.651014
3.1020 	 0.0816 	 7.687912
3.1020 	 0.1020 	 7.734466
3.1020 	 0.1224 	 7.790871
3.1020 	 0.1429 	 7.857362
3.1020 	 0.1633 	 7.934215
3.1020 	 0.1837 	 8.021745
3.1020 	 0.2041 	 8.120314
3.1020 	 0.2245 	 8.230329
3.1020 	 0.2449 	 8.352246
3.1020 	 0.2653 	 8.486574
3.1020 	 0.2857 	 8.633880
3.1020 	 0.3061 	 8.794789
3.1020 	 0.3265 	 8.969990
3.1020 	 0.3469 	 9.160244
3.1020 	 0.3673 	 9.366386
3.1020 	 0.3878 	 9.589333
3.1020 	 0.4082 	 9.830088
3.1020 	 0.4286 	 10.089753
3.1020 	 0.4490 	 10.369533
3.1020 	 0.4694 	 10.670746
3.1020 	 0.4898 	 10.994836
3.1020 	 0.5102 	 11.343381
3.1020 	 0.5306 	 11.718108
3.1020 	 0.5510 	 12.120908
3.1020 	 0.5714 	 12.553851
3.1020 	 0.5918 	 13.019202
3.1020 	 0.6122 	 13.519444
3.1020 	 0.6327 	 14.057297
3.1020 	 0.6531 	 14.635746
3.1020 	 0.6735 	 15.258063
3.1020 	 0.6939 	 15.927844
3.1020 	 0.7143 	 16.649036
3.1020 	 0.7347 	 17.425981
3.1020 	 0.7551 	 18.263456
3.1020 	 0.7755 	 19.166719
3.1020 	 0.7959 	 20.141566
3.1020 	 0.8163 	 21.194389
3.1020 	 0.8367 	 22.332240
3.1020 	 0.8571 	 23.562914
3.1020 	 0.8776 	 24.895027
3.1020 	 0.8980 	 26.338114
3.1020 	 0.9184 	 27.902737
3.1020 	 0.9388 	 29.600605
3.1020 	 0.9592 	 31.444714
3.1020 	 0.9796 	 33.449496
3.1020 	 1.0000 	 35.631001
3.2653 	 0.0000 	 7.730112
3.2653 	 0.0204 	 7.739018
3.2653 	 0.0408 	 7.757370
3.2653 	 0.0612 	 7.785259
3.2653 	 0.0816 	 7.822810
3.2653 	 0.1020 	 7.870186
3.2653 	 0.1224 	 7.927587
3.2653 	 0.1429 	 7.995251
3.2653 	 0.1633 	 8.073458
3.2653 	 0.1837 	 8.162530
3.2653 	 0.2041 	 8.262835
3.2653 	 0.2245 	 8.374786
3.2653 	 0.2449 	 8.498849
3.2653 	 0.2653 	 8.635542
3.2653 	 0.2857 	 8.785440
3.2653 	 0.3061 	 8.949179
3.2653 	 0.3265 	 9.127463
3.2653 	 0.3469 	 9.321064
3.2653 	 0.3673 	 9.530832
3.2653 	 0.3878 	 9.757700
3.2653 	 0.4082 	 10.002690
3.2653 	 0.4286 	 10.266922
3.2653 	 0.4490 	 10.551622
3.2653 	 0.4694 	 10.858132
3.2653 	 0.4898 	 11.187921
3.2653 	 0.5102 	 11.542595
3.2653 	 0.5306 	 11.923912
3.2653 	 0.5510 	 12.333796
3.2653 	 0.5714 	 12.774352
3.2653 	 0.5918 	 13.247886
3.2653 	 0.6122 	 13.756925
3.2653 	 0.6327 	 14.304237
3.2653 	 0.6531 	 14.892858
3.2653 	 0.6735 	 15.526120
3.2653 	 0.6939 	 16.207679
3.2653 	 0.7143 	 16.941554
3.2653 	 0.7347 	 17.732163
3.2653 	 0.7551 	 18.584366
3.2653 	 0.7755 	 19.503515
3.2653 	 0.7959 	 20.495508
3.2653 	 0.8163 	 21.566847
3.2653 	 0.8367 	 22.724712
3.2653 	 0.8571 	 23.977032
3.2653 	 0.8776 	 25.332576
3.2653 	 0.8980 	 26.801046
3.2653 	 0.9184 	 28.393190
3.2653 	 0.9388 	 30.120925
3.2653 	 0.9592 	 31.997473
3.2653 	 0.9796 	 34.037523
3.2653 	 1.0000 	 36.257406
3.4286 	 0.0000 	 7.836735
3.4286 	 0.0204 	 7.845768
3.4286 	 0.0408 	 7.864377
3.4286 	 0.0612 	 7.892656
3.4286 	 0.0816 	 7.930730
3.4286 	 0.1020 	 7.978764
3.4286 	 0.1224 	 8.036961
3.4286 	 0.1429 	 8.105563
3.4286 	 0.1633 	 8.184854
3.4286 	 0.1837 	 8.275160
3.4286 	 0.2041 	 8.376854
3.4286 	 0.2245 	 8.490355
3.4286 	 0.2449 	 8.616135
3.4286 	 0.2653 	 8.754719
3.4286 	 0.2857 	 8.906691
3.4286 	 0.3061 	 9.072695
3.4286 	 0.3265 	 9.253445
3.4286 	 0.3469 	 9.449724
3.4286 	 0.3673 	 9.662393
3.4286 	 0.3878 	 9.892398
3.4286 	 0.4082 	 10.140776
3.4286 	 0.4286 	 10.408662
3.4286 	 0.4490 	 10.697299
3.4286 	 0.4694 	 11.008048
3.4286 	 0.4898 	 11.342397
3.4286 	 0.5102 	 11.701975
3.4286 	 0.5306 	 12.088564
3.4286 	 0.5510 	 12.504115
3.4286 	 0.5714 	 12.950762
3.4286 	 0.5918 	 13.430844
3.4286 	 0.6122 	 13.946921
3.4286 	 0.6327 	 14.501801
3.4286 	 0.6531 	 15.098561
3.4286 	 0.6735 	 15.740578
3.4286 	 0.6939 	 16.431562
3.4286 	 0.7143 	 17.175585
3.4286 	 0.7347 	 17.977126
3.4286 	 0.7551 	 18.841113
3.4286 	 0.7755 	 19.772973
3.4286 	 0.7959 	 20.778683
3.4286 	 0.8163 	 21.864838
3.4286 	 0.8367 	 23.038715
3.4286 	 0.8571 	 24.308354
3.4286 	 0.8776 	 25.682644
3.4286 	 0.8980 	 27.171424
3.4286 	 0.9184 	 28.785589
3.4286 	 0.9388 	 30.537220
3.4286 	 0.9592 	 32.439723
3.4286 	 0.9796 	 34.507990
3.4286 	 1.0000 	 36.758579
3.5918 	 0.0000 	 7.916701
3.5918 	 0.0204 	 7.925830
3.5918 	 0.0408 	 7.944633
3.5918 	 0.0612 	 7.973204
3.5918 	 0.0816 	 8.011670
3.5918 	 0.1020 	 8.060198
3.5918 	 0.1224 	 8.118993
3.5918 	 0.1429 	 8.188299
3.5918 	 0.1633 	 8.268403
3.5918 	 0.1837 	 8.359635
3.5918 	 0.2041 	 8.462370
3.5918 	 0.2245 	 8.577034
3.5918 	 0.2449 	 8.704102
3.5918 	 0.2653 	 8.844105
3.5918 	 0.2857 	 8.997633
3.5918 	 0.3061 	 9.165337
3.5918 	 0.3265 	 9.347936
3.5918 	 0.3469 	 9.546224
3.5918 	 0.3673 	 9.761069
3.5918 	 0.3878 	 9.993428
3.5918 	 0.4082 	 10.244347
3.5918 	 0.4286 	 10.514974
3.5918 	 0.4490 	 10.806564
3.5918 	 0.4694 	 11.120492
3.5918 	 0.4898 	 11.458262
3.5918 	 0.5102 	 11.821519
3.5918 	 0.5306 	 12.212063
3.5918 	 0.5510 	 12.631865
3.5918 	 0.5714 	 13.083082
3.5918 	 0.5918 	 13.568075
3.5918 	 0.6122 	 14.089432
3.5918 	 0.6327 	 14.649988
3.5918 	 0.6531 	 15.252853
3.5918 	 0.6735 	 15.901439
3.5918 	 0.6939 	 16.599492
3.5918 	 0.7143 	 17.351127
3.5918 	 0.7347 	 18.160869
3.5918 	 0.7551 	 19.033696
3.5918 	 0.7755 	 19.975090
3.5918 	 0.7959 	 20.991091
3.5918 	 0.8163 	 22.088359
3.5918 	 0.8367 	 23.274248
3.5918 	 0.8571 	 24.556878
3.5918 	 0.8776 	 25.945232
3.5918 	 0.8980 	 27.449246
3.5918 	 0.9184 	 29.079930
3.5918 	 0.9388 	 30.849487
3.5918 	 0.9592 	 32.771461
3.5918 	 0.9796 	 34.860896
3.5918 	 1.0000 	 37.134518
3.7551 	 0.0000 	 7.970012
3.7551 	 0.0204 	 7.979205
3.7551 	 0.0408 	 7.998138
3.7551 	 0.0612 	 8.026903
3.7551 	 0.0816 	 8.065631
3.7551 	 0.1020 	 8.114489
3.7551 	 0.1224 	 8.173683
3.7551 	 0.1429 	 8.243458
3.7551 	 0.1633 	 8.324105
3.7551 	 0.1837 	 8.415954
3.7551 	 0.2041 	 8.519385
3.7551 	 0.2245 	 8.634824
3.7551 	 0.2449 	 8.762751
3.7551 	 0.2653 	 8.903701
3.7551 	 0.2857 	 9.058266
3.7551 	 0.3061 	 9.227103
3.7551 	 0.3265 	 9.410936
3.7551 	 0.3469 	 9.610563
3.7551 	 0.3673 	 9.826860
3.7551 	 0.3878 	 10.060789
3.7551 	 0.4082 	 10.313403
3.7551 	 0.4286 	 10.585858
3.7551 	 0.4490 	 10.879417
3.7551 	 0.4694 	 11.195465
3.7551 	 0.4898 	 11.535516
3.7551 	 0.5102 	 11.901226
3.7551 	 0.5306 	 12.294408
3.7551 	 0.5510 	 12.717046
3.7551 	 0.5714 	 13.171310
3.7551 	 0.5918 	 13.659578
3.7551 	 0.6122 	 14.184456
3.7551 	 0.6327 	 14.748798
3.7551 	 0.6531 	 15.355735
3.7551 	 0.6735 	 16.008701
3.7551 	 0.6939 	 16.711469
3.7551 	 0.7143 	 17.468180
3.7551 	 0.7347 	 18.283392
3.7551 	 0.7551 	 19.162114
3.7551 	 0.7755 	 20.109867
3.7551 	 0.7959 	 21.132730
3.7551 	 0.8163 	 22.237410
3.7551 	 0.8367 	 23.431309
3.7551 	 0.8571 	 24.722605
3.7551 	 0.8776 	 26.120337
3.7551 	 0.8980 	 27.634512
3.7551 	 0.9184 	 29.276213
3.7551 	 0.9388 	 31.057725
3.7551 	 0.9592 	 32.992684
3.7551 	 0.9796 	 35.096237
3.7551 	 1.0000 	 37.385222
3.9184 	 0.0000 	 7.996668
3.9184 	 0.0204 	 8.005893
3.9184 	 0.0408 	 8.024891
3.9184 	 0.0612 	 8.053755
3.9184 	 0.0816 	 8.092614
3.9184 	 0.1020 	 8.141637
3.9184 	 0.1224 	 8.201030
3.9184 	 0.1429 	 8.271041
3.9184 	 0.1633 	 8.351959
3.9184 	 0.1837 	 8.444118
3.9184 	 0.2041 	 8.547897
3.9184 	 0.2245 	 8.663724
3.9184 	 0.2449 	 8.792082
3.9184 	 0.2653 	 8.933505
3.9184 	 0.2857 	 9.088590
3.9184 	 0.3061 	 9.257994
3.9184 	 0.3265 	 9.442445
3.9184 	 0.3469 	 9.642743
3.9184 	 0.3673 	 9.859766
3.9184 	 0.3878 	 10.094480
3.9184 	 0.4082 	 10.347943
3.9184 	 0.4286 	 10.621312
3.9184 	 0.4490 	 10.915858
3.9184 	 0.4694 	 11.232967
3.9184 	 0.4898 	 11.574160
3.9184 	 0.5102 	 11.941098
3.9184 	 0.5306 	 12.335600
3.9184 	 0.5510 	 12.759656
3.9184 	 0.5714 	 13.215446
3.9184 	 0.5918 	 13.705354
3.9184 	 0.6122 	 14.231994
3.9184 	 0.6327 	 14.798231
3.9184 	 0.6531 	 15.407205
3.9184 	 0.6735 	 16.062364
3.9184 	 0.6939 	 16.767491
3.9184 	 0.7143 	 17.526744
3.9184 	 0.7347 	 18.344693
3.9184 	 0.7551 	 19.226366
3.9184 	 0.7755 	 20.177301
3.9184 	 0.7959 	 21.203600
3.9184 	 0.8163 	 22.311990
3.9184 	 0.8367 	 23.509899
3.9184 	 0.8571 	 24.805531
3.9184 	 0.8776 	 26.207959
3.9184 	 0.8980 	 27.727220
3.9184 	 0.9184 	 29.374435
3.9184 	 0.9388 	 31.161932
3.9184 	 0.9592 	 33.103392
3.9184 	 0.9796 	 35.214011
3.9184 	 1.0000 	 37.510687
4.0816 	 0.0000 	 7.996668
4.0816 	 0.0204 	 8.005894
4.0816 	 0.0408 	 8.024893
4.0816 	 0.0612 	 8.053757
4.0816 	 0.0816 	 8.092618
4.0816 	 0.1020 	 8.141641
4.0816 	 0.1224 	 8.201036
4.0816 	 0.1429 	 8.271048
4.0816 	 0.1633 	 8.351967
4.0816 	 0.1837 	 8.444127
4.0816 	 0.2041 	 8.547906
4.0816 	 0.2245 	 8.663735
4.0816 	 0.2449 	 8.792094
4.0816 	 0.2653 	 8.933518
4.0816 	 0.2857 	 9.088604
4.0816 	 0.3061 	 9.258010
4.0816 	 0.3265 	 9.442463
4.0816 	 0.3469 	 9.642762
4.0816 	 0.3673 	 9.859787
4.0816 	 0.3878 	 10.094502
4.0816 	 0.4082 	 10.347967
4.0816 	 0.4286 	 10.621338
4.0816 	 0.4490 	 10.915886
4.0816 	 0.4694 	 11.232997
4.0816 	 0.4898 	 11.574192
4.0816 	 0.5102 	 11.941133
4.0816 	 0.5306 	 12.335637
4.0816 	 0.5510 	 12.759697
4.0816 	 0.5714 	 13.215489
4.0816 	 0.5918 	 13.705400
4.0816 	 0.6122 	 14.232044
4.0816 	 0.6327 	 14.798285
4.0816 	 0.6531 	 15.407264
4.0816 	 0.6735 	 16.062427
4.0816 	 0.6939 	 16.767559
4.0816 	 0.7143 	 17.526817
4.0816 	 0.7347 	 18.344771
4.0816 	 0.7551 	 19.226451
4.0816 	 0.7755 	 20.177393
4.0816 	 0.7959 	 21.203699
4.0816 	 0.8163 	 22.312097
4.0816 	 0.8367 	 23.510015
4.0816 	 0.8571 	 24.805657
4.0816 	 0.8776 	 26.208094
4.0816 	 0.8980 	 27.727367
4.0816 	 0.9184 	 29.374595
4.0816 	 0.9388 	 31.162105
4.0816 	 0.9592 	 33.103581
4.0816 	 0.9796 	 35.214217
4.0816 	 1.0000 	 37.510911
4.2449 	 0.0000 	 7.970012
4.2449 	 0.0204 	 7.979208
4.2449 	 0.0408 	 7.998143
4.2449 	 0.0612 	 8.026912
4.2449 	 0.0816 	 8.065642
4.2449 	 0.1020 	 8.114503
4.2449 	 0.1224 	 8.173699
4.2449 	 0.1429 	 8.243478
4.2449 	 0.1633 	 8.324127
4.2449 	 0.1837 	 8.415980
4.2449 	 0.2041 	 8.519413
4.2449 	 0.2245 	 8.634856
4.2449 	 0.2449 	 8.762787
4.2449 	 0.2653 	 8.903740
4.2449 	 0.2857 	 9.058309
4.2449 	 0.3061 	 9.227150
4.2449 	 0.3265 	 9.410988
4.2449 	 0.3469 	 9.610620
4.2449 	 0.3673 	 9.826921
4.2449 	 0.3878 	 10.060855
4.2449 	 0.4082 	 10.313474
4.2449 	 0.4286 	 10.585935
4.2449 	 0.4490 	 10.879500
4.2449 	 0.4694 	 11.195555
4.2449 	 0.4898 	 11.535613
4.2449 	 0.5102 	 11.901330
4.2449 	 0.5306 	 12.294520
4.2449 	 0.5510 	 12.717166
4.2449 	 0.5714 	 13.171439
4.2449 	 0.5918 	 13.659718
4.2449 	 0.6122 	 14.184606
4.2449 	 0.6327 	 14.748960
4.2449 	 0.6531 	 15.355909
4.2449 	 0.6735 	 16.008889
4.2449 	 0.6939 	 16.711671
4.2449 	 0.7143 	 17.468398
4.2449 	 0.7347 	 18.283626
4.2449 	 0.7551 	 19.162368
4.2449 	 0.7755 	 20.110140
4.2449 	 0.7959 	 21.133026
4.2449 	 0.8163 	 22.237730
4.2449 	 0.8367 	 23.431655
4.2449 	 0.8571 	 24.722979
4.2449 	 0.8776 	 26.120743
4.2449 	 0.8980 	 27.634953
4.2449 	 0.9184 	 29.276691
4.2449 	 0.9388 	 31.058244
4.2449 	 0.9592 	 32.993249
4.2449 	 0.9796 	 35.096852
4.2449 	 1.0000 	 37.385892
4.4082 	 0.0000 	 7.916701
4.4082 	 0.0204 	 7.925835
4.4082 	 0.0408 	 7.944642
4.4082 	 0.0612 	 7.973217
4.4082 	 0.0816 	 8.011688
4.4082 	 0.1020 	 8.060221
4.4082 	 0.1224 	 8.119020
4.4082 	 0.1429 	 8.188331
4.4082 	 0.1633 	 8.268440
4.4082 	 0.1837 	 8.359677
4.4082 	 0.2041 	 8.462418
4.4082 	 0.2245 	 8.577087
4.4082 	 0.2449 	 8.704161
4.4082 	 0.2653 	 8.844171
4.4082 	 0.2857 	 8.997705
4.4082 	 0.3061 	 9.165415
4.4082 	 0.3265 	 9.348022
4.4082 	 0.3469 	 9.546317
4.4082 	 0.3673 	 9.761170
4.4082 	 0.3878 	 9.993537
4.4082 	 0.4082 	 10.244465
4.4082 	 0.4286 	 10.515101
4.4082 	 0.4490 	 10.806702
4.4082 	 0.4694 	 11.120640
4.4082 	 0.4898 	 11.458421
4.4082 	 0.5102 	 11.821690
4.4082 	 0.5306 	 12.212248
4.4082 	 0.5510 	 12.632064
4.4082 	 0.5714 	 13.083296
4.4082 	 0.5918 	 13.568306
4.4082 	 0.6122 	 14.089680
4.4082 	 0.6327 	 14.650255
4.4082 	 0.6531 	 15.253141
4.4082 	 0.6735 	 15.901749
4.4082 	 0.6939 	 16.599826
4.4082 	 0.7143 	 17.351487
4.4082 	 0.7347 	 18.161257
4.4082 	 0.7551 	 19.034116
4.4082 	 0.7755 	 19.975543
4.4082 	 0.7959 	 20.991580
4.4082 	 0.8163 	 22.088888
4.4082 	 0.8367 	 23.274820
4.4082 	 0.8571 	 24.557498
4.4082 	 0.8776 	 25.945904
4.4082 	 0.8980 	 27.449975
4.4082 	 0.9184 	 29.080721
4.4082 	 0.9388 	 30.850346
4.4082 	 0.9592 	 32.772395
4.4082 	 0.9796 	 34.861913
4.4082 	 1.0000 	 37.135627
4.5714 	 0.0000 	 7.836735
4.5714 	 0.0204 	 7.845774
4.5714 	 0.0408 	 7.864390
4.5714 	 0.0612 	 7.892674
4.5714 	 0.0816 	 7.930754
4.5714 	 0.1020 	 7.978795
4.5714 	 0.1224 	 8.036999
4.5714 	 0.1429 	 8.105608
4.5714 	 0.1633 	 8.184905
4.5714 	 0.1837 	 8.275219
4.5714 	 0.2041 	 8.376920
4.5714 	 0.2245 	 8.490429
4.5714 	 0.2449 	 8.616217
4.5714 	 0.2653 	 8.754810
4.5714 	 0.2857 	 8.906790
4.5714 	 0.3061 	 9.072804
4.5714 	 0.3265 	 9.253564
4.5714 	 0.3469 	 9.449853
4.5714 	 0.3673 	 9.662533
4.5714 	 0.3878 	 9.892549
4.5714 	 0.4082 	 10.140939
4.5714 	 0.4286 	 10.408838
4.5714 	 0.4490 	 10.697489
4.5714 	 0.4694 	 11.008253
4.5714 	 0.4898 	 11.342618
4.5714 	 0.5102 	 11.702213
4.5714 	 0.5306 	 12.088820
4.5714 	 0.5510 	 12.504391
4.5714 	 0.5714 	 12.951059
4.5714 	 0.5918 	 13.431163
4.5714 	 0.6122 	 13.947265
4.5714 	 0.6327 	 14.502171
4.5714 	 0.6531 	 15.098959
4.5714 	 0.6735 	 15.741007
4.5714 	 0.6939 	 16.432024
4.5714 	 0.7143 	 17.176083
4.5714 	 0.7347 	 17.977664
4.5714 	 0.7551 	 18.841694
4.5714 	 0.7755 	 19.773599
4.5714 	 0.7959 	 20.779360
4.5714 	 0.8163 	 21.865570
4.5714 	 0.8367 	 23.039507
4.5714 	 0.8571 	 24.309212
4.5714 	 0.8776 	 25.683574
4.5714 	 0.8980 	 27.172432
4.5714 	 0.9184 	 28.786684
4.5714 	 0.9388 	 30.538409
4.5714 	 0.9592 	 32.441017
4.5714 	 0.9796 	 34.509399
4.5714 	 1.0000 	 36.760113
4.7347 	 0.0000 	 7.730112
4.7347 	 0.0204 	 7.739026
4.7347 	 0.0408 	 7.757386
4.7347 	 0.0612 	 7.785282
4.7347 	 0.0816 	 7.822842
4.7347 	 0.1020 	 7.870226
4.7347 	 0.1224 	 7.927635
4.7347 	 0.1429 	 7.995307
4.7347 	 0.1633 	 8.073523
4.7347 	 0.1837 	 8.162605
4.7347 	 0.2041 	 8.262919
4.7347 	 0.2245 	 8.374880
4.7347 	 0.2449 	 8.498953
4.7347 	 0.2653 	 8.635657
4.7347 	 0.2857 	 8.785566
4.7347 	 0.3061 	 8.949317
4.7347 	 0.3265 	 9.127613
4.7347 	 0.3469 	 9.321227
4.7347 	 0.3673 	 9.531009
4.7347 	 0.3878 	 9.757891
4.7347 	 0.4082 	 10.002897
4.7347 	 0.4286 	 10.267145
4.7347 	 0.4490 	 10.551863
4.7347 	 0.4694 	 10.858392
4.7347 	 0.4898 	 11.188201
4.7347 	 0.5102 	 11.542897
4.7347 	 0.5306 	 11.924237
4.7347 	 0.5510 	 12.334145
4.7347 	 0.5714 	 12.774728
4.7347 	 0.5918 	 13.248291
4.7347 	 0.6122 	 13.757360
4.7347 	 0.6327 	 14.304705
4.7347 	 0.6531 	 14.893363
4.7347 	 0.6735 	 15.526663
4.7347 	 0.6939 	 16.208264
4.7347 	 0.7143 	 16.942185
4.7347 	 0.7347 	 17.732844
4.7347 	 0.7551 	 18.585101
4.7347 	 0.7755 	 19.504309
4.7347 	 0.7959 	 20.496365
4.7347 	 0.8163 	 21.567774
4.7347 	 0.8367 	 22.725715
4.7347 	 0.8571 	 23.978119
4.7347 	 0.8776 	 25.333753
4.7347 	 0.8980 	 26.802323
4.7347 	 0.9184 	 28.394577
4.7347 	 0.9388 	 30.122432
4.7347 	 0.9592 	 31.999112
4.7347 	 0.9796 	 34.039307
4.7347 	 1.0000 	 36.259349
4.8980 	 0.0000 	 7.596835
4.8980 	 0.0204 	 7.605591
4.8980 	 0.0408 	 7.623630
4.8980 	 0.0612 	 7.651042
4.8980 	 0.0816 	 7.687950
4.8980 	 0.1020 	 7.734513
4.8980 	 0.1224 	 7.790929
4.8980 	 0.1429 	 7.857430
4.8980 	 0.1633 	 7.934293
4.8980 	 0.1837 	 8.021835
4.8980 	 0.2041 	 8.120415
4.8980 	 0.2245 	 8.230441
4.8980 	 0.2449 	 8.352370
4.8980 	 0.2653 	 8.486712
4.8980 	 0.2857 	 8.634031
4.8980 	 0.3061 	 8.794954
4.8980 	 0.3265 	 8.970170
4.8980 	 0.3469 	 9.160440
4.8980 	 0.3673 	 9.366598
4.8980 	 0.3878 	 9.589562
4.8980 	 0.4082 	 9.830336
4.8980 	 0.4286 	 10.090021
4.8980 	 0.4490 	 10.369822
4.8980 	 0.4694 	 10.671058
4.8980 	 0.4898 	 10.995172
4.8980 	 0.5102 	 11.343742
4.8980 	 0.5306 	 11.718497
4.8980 	 0.5510 	 12.121327
4.8980 	 0.5714 	 12.554301
4.8980 	 0.5918 	 13.019687
4.8980 	 0.6122 	 13.519965
4.8980 	 0.6327 	 14.057859
4.8980 	 0.6531 	 14.636351
4.8980 	 0.6735 	 15.258715
4.8980 	 0.6939 	 15.928546
4.8980 	 0.7143 	 16.649793
4.8980 	 0.7347 	 17.426797
4.8980 	 0.7551 	 18.264337
4.8980 	 0.7755 	 19.167670
4.8980 	 0.7959 	 20.142594
4.8980 	 0.8163 	 21.195500
4.8980 	 0.8367 	 22.333443
4.8980 	 0.8571 	 23.564217
4.8980 	 0.8776 	 24.896439
4.8980 	 0.8980 	 26.339646
4.8980 	 0.9184 	 27.904400
4.8980 	 0.9388 	 29.602412
4.8980 	 0.9592 	 31.446678
4.8980 	 0.9796 	 33.451635
4.8980 	 1.0000 	 35.633332
5.0612 	 0.0000 	 7.436901
5.0612 	 0.0204 	 7.445468
5.0612 	 0.0408 	 7.463123
5.0612 	 0.0612 	 7.489953
5.0612 	 0.0816 	 7.526079
5.0612 	 0.1020 	 7.571657
5.0612 	 0.1224 	 7.626880
5.0612 	 0.1429 	 7.691976
5.0612 	 0.1633 	 7.767216
5.0612 	 0.1837 	 7.852909
5.0612 	 0.2041 	 7.949408
5.0612 	 0.2245 	 8.057112
5.0612 	 0.2449 	 8.176468
5.0612 	 0.2653 	 8.307975
5.0612 	 0.2857 	 8.452186
5.0612 	 0.3061 	 8.609714
5.0612 	 0.3265 	 8.781234
5.0612 	 0.3469 	 8.967491
5.0612 	 0.3673 	 9.169301
5.0612 	 0.3878 	 9.387562
5.0612 	 0.4082 	 9.623259
5.0612 	 0.4286 	 9.877467
5.0612 	 0.4490 	 10.151367
5.0612 	 0.4694 	 10.446250
5.0612 	 0.4898 	 10.763529
5.0612 	 0.5102 	 11.104749
5.0612 	 0.5306 	 11.471601
5.0612 	 0.5510 	 11.865936
5.0612 	 0.5714 	 12.289779
5.0612 	 0.5918 	 12.745351
5.0612 	 0.6122 	 13.235080
5.0612 	 0.6327 	 13.761630
5.0612 	 0.6531 	 14.327923
5.0612 	 0.6735 	 14.937162
5.0612 	 0.6939 	 15.592868
5.0612 	 0.7143 	 16.298905
5.0612 	 0.7347 	 17.059523
5.0612 	 0.7551 	 17.879400
5.0612 	 0.7755 	 18.763683
5.0612 	 0.7959 	 19.718046
5.0612 	 0.8163 	 20.748747
5.0612 	 0.8367 	 21.862690
5.0612 	 0.8571 	 23.067507
5.0612 	 0.8776 	 24.371631
5.0612 	 0.8980 	 25.784399
5.0612 	 0.9184 	 27.316149
5.0612 	 0.9388 	 28.978347
5.0612 	 0.9592 	 30.783714
5.0612 	 0.9796 	 32.746381
5.0612 	 1.0000 	 34.882059
5.2245 	 0.0000 	 7.250312
5.2245 	 0.0204 	 7.258658
5.2245 	 0.0408 	 7.275865
5.2245 	 0.0612 	 7.302016
5.2245 	 0.0816 	 7.337229
5.2245 	 0.1020 	 7.381658
5.2245 	 0.1224 	 7.435488
5.2245 	 0.1429 	 7.498945
5.2245 	 0.1633 	 7.572291
5.2245 	 0.1837 	 7.655827
5.2245 	 0.2041 	 7.749898
5.2245 	 0.2245 	 7.854892
5.2245 	 0.2449 	 7.971246
5.2245 	 0.2653 	 8.099446
5.2245 	 0.2857 	 8.240031
5.2245 	 0.3061 	 8.393598
5.2245 	 0.3265 	 8.560806
5.2245 	 0.3469 	 8.742380
5.2245 	 0.3673 	 8.939117
5.2245 	 0.3878 	 9.151891
5.2245 	 0.4082 	 9.381663
5.2245 	 0.4286 	 9.629481
5.2245 	 0.4490 	 9.896497
5.2245 	 0.4694 	 10.183968
5.2245 	 0.4898 	 10.493272
5.2245 	 0.5102 	 10.825916
5.2245 	 0.5306 	 11.183547
5.2245 	 0.5510 	 11.567971
5.2245 	 0.5714 	 11.981162
5.2245 	 0.5918 	 12.425283
5.2245 	 0.6122 	 12.902703
5.2245 	 0.6327 	 13.416019
5.2245 	 0.6531 	 13.968078
5.2245 	 0.6735 	 14.562005
5.2245 	 0.6939 	 15.201230
5.2245 	 0.7143 	 15.889521
5.2245 	 0.7347 	 16.631021
5.2245 	 0.7551 	 17.430290
5.2245 	 0.7755 	 18.292345
5.2245 	 0.7959 	 19.222720
5.2245 	 0.8163 	 20.227512
5.2245 	 0.8367 	 21.313454
5.2245 	 0.8571 	 22.487985
5.2245 	 0.8776 	 23.759327
5.2245 	 0.8980 	 25.136580
5.2245 	 0.9184 	 26.629825
5.2245 	 0.9388 	 28.250236
5.2245 	 0.9592 	 30.010217
5.2245 	 0.9796 	 31.923542
5.2245 	 1.0000 	 34.005527
5.3878 	 0.0000 	 7.037068
5.3878 	 0.0204 	 7.045161
5.3878 	 0.0408 	 7.061855
5.3878 	 0.0612 	 7.087229
5.3878 	 0.0816 	 7.121400
5.3878 	 0.1020 	 7.164514
5.3878 	 0.1224 	 7.216754
5.3878 	 0.1429 	 7.278337
5.3878 	 0.1633 	 7.349517
5.3878 	 0.1837 	 7.430588
5.3878 	 0.2041 	 7.521884
5.3878 	 0.2245 	 7.623782
5.3878 	 0.2449 	 7.736705
5.3878 	 0.2653 	 7.861125
5.3878 	 0.2857 	 7.997565
5.3878 	 0.3061 	 8.146605
5.3878 	 0.3265 	 8.308884
5.3878 	 0.3469 	 8.485106
5.3878 	 0.3673 	 8.676045
5.3878 	 0.3878 	 8.882549
5.3878 	 0.4082 	 9.105549
5.3878 	 0.4286 	 9.346065
5.3878 	 0.4490 	 9.605212
5.3878 	 0.4694 	 9.884212
5.3878 	 0.4898 	 10.184401
5.3878 	 0.5102 	 10.507243
5.3878 	 0.5306 	 10.854336
5.3878 	 0.5510 	 11.227432
5.3878 	 0.5714 	 11.628448
5.3878 	 0.5918 	 12.059482
5.3878 	 0.6122 	 12.522835
5.3878 	 0.6327 	 13.021025
5.3878 	 0.6531 	 13.556817
5.3878 	 0.6735 	 14.133242
5.3878 	 0.6939 	 14.753631
5.3878 	 0.7143 	 15.421639
5.3878 	 0.7347 	 16.141289
5.3878 	 0.7551 	 16.917005
5.3878 	 0.7755 	 17.753657
5.3878 	 0.7959 	 18.656614
5.3878 	 0.8163 	 19.631795
5.3878 	 0.8367 	 20.685735
5.3878 	 0.8571 	 21.825651
5.3878 	 0.8776 	 23.059525
5.3878 	 0.8980 	 24.396188
5.3878 	 0.9184 	 25.845423
5.3878 	 0.9388 	 27.418077
5.3878 	 0.9592 	 29.126185
5.3878 	 0.9796 	 30.983116
5.3878 	 1.0000 	 33.003735
5.5510 	 0.0000 	 6.797168
5.5510 	 0.0204 	 6.804977
5.5510 	 0.0408 	 6.821093
5.5510 	 0.0612 	 6.845594
5.5510 	 0.0816 	 6.878591
5.5510 	 0.1020 	 6.920227
5.5510 	 0.1224 	 6.970677
5.5510 	 0.1429 	 7.030152
5.5510 	 0.1633 	 7.098896
5.5510 	 0.1837 	 7.177194
5.5510 	 0.2041 	 7.265367
5.5510 	 0.2245 	 7.363781
5.5510 	 0.2449 	 7.472844
5.5510 	 0.2653 	 7.593011
5.5510 	 0.2857 	 7.724788
5.5510 	 0.3061 	 7.868735
5.5510 	 0.3265 	 8.025469
5.5510 	 0.3469 	 8.195670
5.5510 	 0.3673 	 8.380086
5.5510 	 0.3878 	 8.579535
5.5510 	 0.4082 	 8.794917
5.5510 	 0.4286 	 9.027216
5.5510 	 0.4490 	 9.277511
5.5510 	 0.4694 	 9.546980
5.5510 	 0.4898 	 9.836916
5.5510 	 0.5102 	 10.148730
5.5510 	 0.5306 	 10.483967
5.5510 	 0.5510 	 10.844319
5.5510 	 0.5714 	 11.231637
5.5510 	 0.5918 	 11.647948
5.5510 	 0.6122 	 12.095474
5.5510 	 0.6327 	 12.576647
5.5510 	 0.6531 	 13.094137
5.5510 	 0.6735 	 13.650873
5.5510 	 0.6939 	 14.250070
5.5510 	 0.7143 	 14.895260
5.5510 	 0.7347 	 15.590327
5.5510 	 0.7551 	 16.339544
5.5510 	 0.7755 	 17.147616
5.5510 	 0.7959 	 18.019727
5.5510 	 0.8163 	 18.961595
5.5510 	 0.8367 	 19.979530
5.5510 	 0.8571 	 21.080504
5.5510 	 0.8776 	 22.272224
5.5510 	 0.8980 	 23.563222
5.5510 	 0.9184 	 24.962944
5.5510 	 0.9388 	 26.481867
5.5510 	 0.9592 	 28.131615
5.5510 	 0.9796 	 29.925101
5.5510 	 1.0000 	 31.876680
5.7143 	 0.0000 	 6.530612
5.7143 	 0.0204 	 6.538106
5.7143 	 0.0408 	 6.553579
5.7143 	 0.0612 	 6.577110
5.7143 	 0.0816 	 6.608803
5.7143 	 0.1020 	 6.648796
5.7143 	 0.1224 	 6.697258
5.7143 	 0.1429 	 6.754389
5.7143 	 0.1633 	 6.820427
5.7143 	 0.1837 	 6.895643
5.7143 	 0.2041 	 6.980347
5.7143 	 0.2245 	 7.074890
5.7143 	 0.2449 	 7.179663
5.7143 	 0.2653 	 7.295105
5.7143 	 0.2857 	 7.421701
5.7143 	 0.3061 	 7.559988
5.7143 	 0.3265 	 7.710561
5.7143 	 0.3469 	 7.874072
5.7143 	 0.3673 	 8.051239
5.7143 	 0.3878 	 8.242849
5.7143 	 0.4082 	 8.449766
5.7143 	 0.4286 	 8.672936
5.7143 	 0.4490 	 8.913394
5.7143 	 0.4694 	 9.172274
5.7143 	 0.4898 	 9.450816
5.7143 	 0.5102 	 9.750376
5.7143 	 0.5306 	 10.072440
5.7143 	 0.5510 	 10.418631
5.7143 	 0.5714 	 10.790729
5.7143 	 0.5918 	 11.190681
5.7143 	 0.6122 	 11.620620
5.7143 	 0.6327 	 12.082885
5.7143 	 0.6531 	 12.580039
5.7143 	 0.6735 	 13.114897
5.7143 	 0.6939 	 13.690547
5.7143 	 0.7143 	 14.310382
5.7143 	 0.7347 	 14.978134
5.7143 	 0.7551 	 15.697908
5.7143 	 0.7755 	 16.474223
5.7143 	 0.7959 	 17.312059
5.7143 	 0.8163 	 18.216911
5.7143 	 0.8367 	 19.194839
5.7143 	 0.8571 	 20.252542
5.7143 	 0.8776 	 21.397423
5.7143 	 0.8980 	 22.637679
5.7143 	 0.9184 	 23.982385
5.7143 	 0.9388 	 25.441606
5.7143 	 0.9592 	 27.026507
5.7143 	 0.9796 	 28.749495
5.7143 	 1.0000 	 30.624360
5.8776 	 0.0000 	 6.237401
5.8776 	 0.0204 	 6.244547
5.8776 	 0.0408 	 6.259315
5.8776 	 0.0612 	 6.281777
5.8776 	 0.0816 	 6.312036
5.8776 	 0.1020 	 6.350222
5.8776 	 0.1224 	 6.396495
5.8776 	 0.1429 	 6.451049
5.8776 	 0.1633 	 6.514109
5.8776 	 0.1837 	 6.585935
5.8776 	 0.2041 	 6.666823
5.8776 	 0.2245 	 6.757107
5.8776 	 0.2449 	 6.857162
5.8776 	 0.2653 	 6.967405
5.8776 	 0.2857 	 7.088302
5.8776 	 0.3061 	 7.220364
5.8776 	 0.3265 	 7.364159
5.8776 	 0.3469 	 7.520311
5.8776 	 0.3673 	 7.689504
5.8776 	 0.3878 	 7.872491
5.8776 	 0.4082 	 8.070096
5.8776 	 0.4286 	 8.283223
5.8776 	 0.4490 	 8.512861
5.8776 	 0.4694 	 8.760092
5.8776 	 0.4898 	 9.026101
5.8776 	 0.5102 	 9.312182
5.8776 	 0.5306 	 9.619754
5.8776 	 0.5510 	 9.950368
5.8776 	 0.5714 	 10.305723
5.8776 	 0.5918 	 10.687679
5.8776 	 0.6122 	 11.098273
5.8776 	 0.6327 	 11.539738
5.8776 	 0.6531 	 12.014522
5.8776 	 0.6735 	 12.525313
5.8776 	 0.6939 	 13.075061
5.8776 	 0.7143 	 13.667005
5.8776 	 0.7347 	 14.304709
5.8776 	 0.7551 	 14.992094
5.8776 	 0.7755 	 15.733475
5.8776 	 0.7959 	 16.533609
5.8776 	 0.8163 	 17.397741
5.8776 	 0.8367 	 18.331660
5.8776 	 0.8571 	 19.341763
5.8776 	 0.8776 	 20.435120
5.8776 	 0.8980 	 21.619558
5.8776 	 0.9184 	 22.903745
5.8776 	 0.9388 	 24.297290
5.8776 	 0.9592 	 25.810858
5.8776 	 0.9796 	 27.456295
5.8776 	 1.0000 	 29.246771
6.0408 	 0.0000 	 5.917534
6.0408 	 0.0204 	 5.924301
6.0408 	 0.0408 	 5.938298
6.0408 	 0.0612 	 5.959596
6.0408 	 0.0816 	 5.988289
6.0408 	 0.1020 	 6.024503
6.0408 	 0.1224 	 6.068390
6.0408 	 0.1429 	 6.120132
6.0408 	 0.1633 	 6.179944
6.0408 	 0.1837 	 6.248072
6.0408 	 0.2041 	 6.324796
6.0408 	 0.2245 	 6.410434
6.0408 	 0.2449 	 6.505341
6.0408 	 0.2653 	 6.609913
6.0408 	 0.2857 	 6.724592
6.0408 	 0.3061 	 6.849863
6.0408 	 0.3265 	 6.986264
6.0408 	 0.3469 	 7.134386
6.0408 	 0.3673 	 7.294881
6.0408 	 0.3878 	 7.468460
6.0408 	 0.4082 	 7.655907
6.0408 	 0.4286 	 7.858079
6.0408 	 0.4490 	 8.075912
6.0408 	 0.4694 	 8.310435
6.0408 	 0.4898 	 8.562770
6.0408 	 0.5102 	 8.834146
6.0408 	 0.5306 	 9.125909
6.0408 	 0.5510 	 9.439529
6.0408 	 0.5714 	 9.776619
6.0408 	 0.5918 	 10.138943
6.0408 	 0.6122 	 10.528432
6.0408 	 0.6327 	 10.947205
6.0408 	 0.6531 	 11.397585
6.0408 	 0.6735 	 11.882121
6.0408 	 0.6939 	 12.403610
6.0408 	 0.7143 	 12.965127
6.0408 	 0.7347 	 13.570052
6.0408 	 0.7551 	 14.222102
6.0408 	 0.7755 	 14.925372
6.0408 	 0.7959 	 15.684374
6.0408 	 0.8163 	 16.504084
6.0408 	 0.8367 	 17.389992
6.0408 	 0.8571 	 18.348167
6.0408 	 0.8776 	 19.385314
6.0408 	 0.8980 	 20.508858
6.0408 	 0.9184 	 21.727021
6.0408 	 0.9388 	 23.048918
6.0408 	 0.9592 	 24.484665
6.0408 	 0.9796 	 26.045499
6.0408 	 1.0000 	 27.743912
6.2041 	 0.0000 	 5.571012
6.2041 	 0.0204 	 5.577367
6.2041 	 0.0408 	 5.590530
6.2041 	 0.0612 	 5.610565
6.2041 	 0.0816 	 5.637563
6.2041 	 0.1020 	 5.671640
6.2041 	 0.1224 	 5.712941
6.2041 	 0.1429 	 5.761637
6.2041 	 0.1633 	 5.817930
6.2041 	 0.1837 	 5.882051
6.2041 	 0.2041 	 5.954264
6.2041 	 0.2245 	 6.034869
6.2041 	 0.2449 	 6.124199
6.2041 	 0.2653 	 6.222628
6.2041 	 0.2857 	 6.330570
6.2041 	 0.3061 	 6.448484
6.2041 	 0.3265 	 6.576874
6.2041 	 0.3469 	 6.716299
6.2041 	 0.3673 	 6.867369
6.2041 	 0.3878 	 7.030757
6.2041 	 0.4082 	 7.207199
6.2041 	 0.4286 	 7.397501
6.2041 	 0.4490 	 7.602546
6.2041 	 0.4694 	 7.823301
6.2041 	 0.4898 	 8.060823
6.2041 	 0.5102 	 8.316269
6.2041 	 0.5306 	 8.590904
6.2041 	 0.5510 	 8.886115
6.2041 	 0.5714 	 9.203417
6.2041 	 0.5918 	 9.544471
6.2041 	 0.6122 	 9.911096
6.2041 	 0.6327 	 10.305287
6.2041 	 0.6531 	 10.729228
6.2041 	 0.6735 	 11.185320
6.2041 	 0.6939 	 11.676196
6.2041 	 0.7143 	 12.204749
6.2041 	 0.7347 	 12.774160
6.2041 	 0.7551 	 13.387931
6.2041 	 0.7755 	 14.049913
6.2041 	 0.7959 	 14.764355
6.2041 	 0.8163 	 15.535939
6.2041 	 0.8367 	 16.369834
6.2041 	 0.8571 	 17.271751
6.2041 	 0.8776 	 18.248003
6.2041 	 0.8980 	 19.305577
6.2041 	 0.9184 	 20.452212
6.2041 	 0.9388 	 21.696488
6.2041 	 0.9592 	 23.047927
6.2041 	 0.9796 	 24.517104
6.2041 	 1.0000 	 26.115780
6.3673 	 0.0000 	 5.197834
6.3673 	 0.0204 	 5.203746
6.3673 	 0.0408 	 5.216010
6.3673 	 0.0612 	 5.234685
6.3673 	 0.0816 	 5.259857
6.3673 	 0.1020 	 5.291634
6.3673 	 0.1224 	 5.330150
6.3673 	 0.1429 	 5.375565
6.3673 	 0.1633 	 5.428068
6.3673 	 0.1837 	 5.487873
6.3673 	 0.2041 	 5.555229
6.3673 	 0.2245 	 5.630413
6.3673 	 0.2449 	 5.713737
6.3673 	 0.2653 	 5.805550
6.3673 	 0.2857 	 5.906237
6.3673 	 0.3061 	 6.016227
6.3673 	 0.3265 	 6.135991
6.3673 	 0.3469 	 6.266048
6.3673 	 0.3673 	 6.406969
6.3673 	 0.3878 	 6.559381
6.3673 	 0.4082 	 6.723971
6.3673 	 0.4286 	 6.901490
6.3673 	 0.4490 	 7.092763
6.3673 	 0.4694 	 7.298691
6.3673 	 0.4898 	 7.520260
6.3673 	 0.5102 	 7.758549
6.3673 	 0.5306 	 8.014739
6.3673 	 0.5510 	 8.290123
6.3673 	 0.5714 	 8.586115
6.3673 	 0.5918 	 8.904263
6.3673 	 0.6122 	 9.246266
6.3673 	 0.6327 	 9.613981
6.3673 	 0.6531 	 10.009450
6.3673 	 0.6735 	 10.434909
6.3673 	 0.6939 	 10.892815
6.3673 	 0.7143 	 11.385868
6.3673 	 0.7347 	 11.917035
6.3673 	 0.7551 	 12.489579
6.3673 	 0.7755 	 13.107098
6.3673 	 0.7959 	 13.773550
6.3673 	 0.8163 	 14.493305
6.3673 	 0.8367 	 15.271185
6.3673 	 0.8571 	 16.112515
6.3673 	 0.8776 	 17.023185
6.3673 	 0.8980 	 18.009713
6.3673 	 0.9184 	 19.079316
6.3673 	 0.9388 	 20.239999
6.3673 	 0.9592 	 21.500641
6.3673 	 0.9796 	 22.871110
6.3673 	 1.0000 	 24.362372
6.5306 	 0.0000 	 4.798001
6.5306 	 0.0204 	 4.803438
6.5306 	 0.0408 	 4.814738
6.5306 	 0.0612 	 4.831957
6.5306 	 0.0816 	 4.855172
6.5306 	 0.1020 	 4.884484
6.5306 	 0.1224 	 4.920015
6.5306 	 0.1429 	 4.961915
6.5306 	 0.1633 	 5.010357
6.5306 	 0.1837 	 5.065539
6.5306 	 0.2041 	 5.127690
6.5306 	 0.2245 	 5.197066
6.5306 	 0.2449 	 5.273955
6.5306 	 0.2653 	 5.358678
6.5306 	 0.2857 	 5.451593
6.5306 	 0.3061 	 5.553092
6.5306 	 0.3265 	 5.663613
6.5306 	 0.3469 	 5.783633
6.5306 	 0.3673 	 5.913680
6.5306 	 0.3878 	 6.054332
6.5306 	 0.4082 	 6.206223
6.5306 	 0.4286 	 6.370046
6.5306 	 0.4490 	 6.546563
6.5306 	 0.4694 	 6.736604
6.5306 	 0.4898 	 6.941080
6.5306 	 0.5102 	 7.160987
6.5306 	 0.5306 	 7.397414
6.5306 	 0.5510 	 7.651555
6.5306 	 0.5714 	 7.924713
6.5306 	 0.5918 	 8.218319
6.5306 	 0.6122 	 8.533939
6.5306 	 0.6327 	 8.873289
6.5306 	 0.6531 	 9.238250
6.5306 	 0.6735 	 9.630888
6.5306 	 0.6939 	 10.053469
6.5306 	 0.7143 	 10.508485
6.5306 	 0.7347 	 10.998673
6.5306 	 0.7551 	 11.527047
6.5306 	 0.7755 	 12.096924
6.5306 	 0.7959 	 12.711958
6.5306 	 0.8163 	 13.376181
6.5306 	 0.8367 	 14.094042
6.5306 	 0.8571 	 14.870457
6.5306 	 0.8776 	 15.710860
6.5306 	 0.8980 	 16.621264
6.5306 	 0.9184 	 17.608332
6.5306 	 0.9388 	 18.679447
6.5306 	 0.9592 	 19.842807
6.5306 	 0.9796 	 21.107513
6.5306 	 1.0000 	 22.483686
6.6939 	 0.0000 	 4.371512
6.6939 	 0.0204 	 4.376443
6.6939 	 0.0408 	 4.386715
6.6939 	 0.0612 	 4.402380
6.6939 	 0.0816 	 4.423507
6.6939 	 0.1020 	 4.450189
6.6939 	 0.1224 	 4.482538
6.6939 	 0.1429 	 4.520688
6.6939 	 0.1633 	 4.564798
6.6939 	 0.1837 	 4.615048
6.6939 	 0.2041 	 4.671647
6.6939 	 0.2245 	 4.734827
6.6939 	 0.2449 	 4.804852
6.6939 	 0.2653 	 4.882013
6.6939 	 0.2857 	 4.966636
6.6939 	 0.3061 	 5.059079
6.6939 	 0.3265 	 5.159740
6.6939 	 0.3469 	 5.269054
6.6939 	 0.3673 	 5.387502
6.6939 	 0.3878 	 5.515610
6.6939 	 0.4082 	 5.653955
6.6939 	 0.4286 	 5.803169
6.6939 	 0.4490 	 5.963945
6.6939 	 0.4694 	 6.137040
6.6939 	 0.4898 	 6.323283
6.6939 	 0.5102 	 6.523582
6.6939 	 0.5306 	 6.738929
6.6939 	 0.5510 	 6.970409
6.6939 	 0.5714 	 7.219211
6.6939 	 0.5918 	 7.486639
6.6939 	 0.6122 	 7.774117
6.6939 	 0.6327 	 8.083208
6.6939 	 0.6531 	 8.415628
6.6939 	 0.6735 	 8.773255
6.6939 	 0.6939 	 9.158156
6.6939 	 0.7143 	 9.572598
6.6939 	 0.7347 	 10.019076
6.6939 	 0.7551 	 10.500333
6.6939 	 0.7755 	 11.019390
6.6939 	 0.7959 	 11.579577
6.6939 	 0.8163 	 12.184565
6.6939 	 0.8367 	 12.838406
6.6939 	 0.8571 	 13.545576
6.6939 	 0.8776 	 14.311025
6.6939 	 0.8980 	 15.140230
6.6939 	 0.9184 	 16.039257
6.6939 	 0.9388 	 17.014832
6.6939 	 0.9592 	 18.074420
6.6939 	 0.9796 	 19.226310
6.6939 	 1.0000 	 20.479720
6.8571 	 0.0000 	 3.918367
6.8571 	 0.0204 	 3.922760
6.8571 	 0.0408 	 3.931940
6.8571 	 0.0612 	 3.945953
6.8571 	 0.0816 	 3.964863
6.8571 	 0.1020 	 3.988750
6.8571 	 0.1224 	 4.017717
6.8571 	 0.1429 	 4.051883
6.8571 	 0.1633 	 4.091390
6.8571 	 0.1837 	 4.136400
6.8571 	 0.2041 	 4.187099
6.8571 	 0.2245 	 4.243697
6.8571 	 0.2449 	 4.306428
6.8571 	 0.2653 	 4.375554
6.8571 	 0.2857 	 4.451367
6.8571 	 0.3061 	 4.534188
6.8571 	 0.3265 	 4.624373
6.8571 	 0.3469 	 4.722312
6.8571 	 0.3673 	 4.828435
6.8571 	 0.3878 	 4.943214
6.8571 	 0.4082 	 5.067166
6.8571 	 0.4286 	 5.200857
6.8571 	 0.4490 	 5.344909
6.8571 	 0.4694 	 5.499999
6.8571 	 0.4898 	 5.666869
6.8571 	 0.5102 	 5.846334
6.8571 	 0.5306 	 6.039282
6.8571 	 0.5510 	 6.246685
6.8571 	 0.5714 	 6.469609
6.8571 	 0.5918 	 6.709221
6.8571 	 0.6122 	 6.966797
6.8571 	 0.6327 	 7.243739
6.8571 	 0.6531 	 7.541582
6.8571 	 0.6735 	 7.862011
6.8571 	 0.6939 	 8.206875
6.8571 	 0.7143 	 8.578207
6.8571 	 0.7347 	 8.978242
6.8571 	 0.7551 	 9.409436
6.8571 	 0.7755 	 9.874497
6.8571 	 0.7959 	 10.376408
6.8571 	 0.8163 	 10.918457
6.8571 	 0.8367 	 11.504274
6.8571 	 0.8571 	 12.137870
6.8571 	 0.8776 	 12.823679
6.8571 	 0.8980 	 13.566607
6.8571 	 0.9184 	 14.372090
6.8571 	 0.9388 	 15.246152
6.8571 	 0.9592 	 16.195480
6.8571 	 0.9796 	 17.227501
6.8571 	 1.0000 	 18.350472
7.0204 	 0.0000 	 3.438567
7.0204 	 0.0204 	 3.442390
7.0204 	 0.0408 	 3.450413
7.0204 	 0.0612 	 3.462678
7.0204 	 0.0816 	 3.479239
7.0204 	 0.1020 	 3.500167
7.0204 	 0.1224 	 3.525553
7.0204 	 0.1429 	 3.555500
7.0204 	 0.1633 	 3.590133
7.0204 	 0.1837 	 3.629595
7.0204 	 0.2041 	 3.674047
7.0204 	 0.2245 	 3.723675
7.0204 	 0.2449 	 3.778683
7.0204 	 0.2653 	 3.839302
7.0204 	 0.2857 	 3.905786
7.0204 	 0.3061 	 3.978419
7.0204 	 0.3265 	 4.057510
7.0204 	 0.3469 	 4.143404
7.0204 	 0.3673 	 4.236478
7.0204 	 0.3878 	 4.337144
7.0204 	 0.4082 	 4.445856
7.0204 	 0.4286 	 4.563112
7.0204 	 0.4490 	 4.689455
7.0204 	 0.4694 	 4.825479
7.0204 	 0.4898 	 4.971838
7.0204 	 0.5102 	 5.129242
7.0204 	 0.5306 	 5.298473
7.0204 	 0.5510 	 5.480383
7.0204 	 0.5714 	 5.675906
7.0204 	 0.5918 	 5.886065
7.0204 	 0.6122 	 6.111981
7.0204 	 0.6327 	 6.354881
7.0204 	 0.6531 	 6.616113
7.0204 	 0.6735 	 6.897154
7.0204 	 0.6939 	 7.199626
7.0204 	 0.7143 	 7.525311
7.0204 	 0.7347 	 7.876169
7.0204 	 0.7551 	 8.254355
7.0204 	 0.7755 	 8.662243
7.0204 	 0.7959 	 9.102448
7.0204 	 0.8163 	 9.577855
7.0204 	 0.8367 	 10.091646
7.0204 	 0.8571 	 10.647339
7.0204 	 0.8776 	 11.248821
7.0204 	 0.8980 	 11.900396
7.0204 	 0.9184 	 12.606829
7.0204 	 0.9388 	 13.373404
7.0204 	 0.9592 	 14.205984
7.0204 	 0.9796 	 15.111082
7.0204 	 1.0000 	 16.095938
7.1837 	 0.0000 	 2.932112
7.1837 	 0.0204 	 2.935332
7.1837 	 0.0408 	 2.942135
7.1837 	 0.0612 	 2.952553
7.1837 	 0.0816 	 2.966635
7.1837 	 0.1020 	 2.984440
7.1837 	 0.1224 	 3.006045
7.1837 	 0.1429 	 3.031539
7.1837 	 0.1633 	 3.061027
7.1837 	 0.1837 	 3.094632
7.1837 	 0.2041 	 3.132491
7.1837 	 0.2245 	 3.174761
7.1837 	 0.2449 	 3.221617
7.1837 	 0.2653 	 3.273255
7.1837 	 0.2857 	 3.329893
7.1837 	 0.3061 	 3.391770
7.1837 	 0.3265 	 3.459153
7.1837 	 0.3469 	 3.532333
7.1837 	 0.3673 	 3.611631
7.1837 	 0.3878 	 3.697400
7.1837 	 0.4082 	 3.790026
7.1837 	 0.4286 	 3.889932
7.1837 	 0.4490 	 3.997582
7.1837 	 0.4694 	 4.113482
7.1837 	 0.4898 	 4.238188
7.1837 	 0.5102 	 4.372307
7.1837 	 0.5306 	 4.516502
7.1837 	 0.5510 	 4.671502
7.1837 	 0.5714 	 4.838101
7.1837 	 0.5918 	 5.017171
7.1837 	 0.6122 	 5.209667
7.1837 	 0.6327 	 5.416634
7.1837 	 0.6531 	 5.639220
7.1837 	 0.6735 	 5.878684
7.1837 	 0.6939 	 6.136408
7.1837 	 0.7143 	 6.413910
7.1837 	 0.7347 	 6.712858
7.1837 	 0.7551 	 7.035090
7.1837 	 0.7755 	 7.382627
7.1837 	 0.7959 	 7.757697
7.1837 	 0.8163 	 8.162758
7.1837 	 0.8367 	 8.600520
7.1837 	 0.8571 	 9.073980
7.1837 	 0.8776 	 9.586450
7.1837 	 0.8980 	 10.141595
7.1837 	 0.9184 	 10.743474
7.1837 	 0.9388 	 11.396588
7.1837 	 0.9592 	 12.105932
7.1837 	 0.9796 	 12.877053
7.1837 	 1.0000 	 13.716118
7.3469 	 0.0000 	 2.399000
7.3469 	 0.0204 	 2.401587
7.3469 	 0.0408 	 2.407104
7.3469 	 0.0612 	 2.415579
7.3469 	 0.0816 	 2.427051
7.3469 	 0.1020 	 2.441569
7.3469 	 0.1224 	 2.459194
7.3469 	 0.1429 	 2.480000
7.3469 	 0.1633 	 2.504073
7.3469 	 0.1837 	 2.531512
7.3469 	 0.2041 	 2.562430
7.3469 	 0.2245 	 2.596955
7.3469 	 0.2449 	 2.635230
7.3469 	 0.2653 	 2.677415
7.3469 	 0.2857 	 2.723687
7.3469 	 0.3061 	 2.774244
7.3469 	 0.3265 	 2.829300
7.3469 	 0.3469 	 2.889097
7.3469 	 0.3673 	 2.953895
7.3469 	 0.3878 	 3.023982
7.3469 	 0.4082 	 3.099674
7.3469 	 0.4286 	 3.181318
7.3469 	 0.4490 	 3.269290
7.3469 	 0.4694 	 3.364007
7.3469 	 0.4898 	 3.465921
7.3469 	 0.5102 	 3.575527
7.3469 	 0.5306 	 3.693370
7.3469 	 0.5510 	 3.820043
7.3469 	 0.5714 	 3.956195
7.3469 	 0.5918 	 4.102539
7.3469 	 0.6122 	 4.259856
7.3469 	 0.6327 	 4.428998
7.3469 	 0.6531 	 4.610905
7.3469 	 0.6735 	 4.806604
7.3469 	 0.6939 	 5.017224
7.3469 	 0.7143 	 5.244005
7.3469 	 0.7347 	 5.488312
7.3469 	 0.7551 	 5.751644
7.3469 	 0.7755 	 6.035654
7.3469 	 0.7959 	 6.342161
7.3469 	 0.8163 	 6.673173
7.3469 	 0.8367 	 7.030905
7.3469 	 0.8571 	 7.417804
7.3469 	 0.8776 	 7.836576
7.3469 	 0.8980 	 8.290215
7.3469 	 0.9184 	 8.782038
7.3469 	 0.9388 	 9.315720
7.3469 	 0.9592 	 9.895342
7.3469 	 0.9796 	 10.525436
7.3469 	 1.0000 	 11.211038
7.5102 	 0.0000 	 1.839234
7.5102 	 0.0204 	 1.841155
7.5102 	 0.0408 	 1.845322
7.5102 	 0.0612 	 1.851757
7.5102 	 0.0816 	 1.860488
7.5102 	 0.1020 	 1.871553
7.5102 	 0.1224 	 1.885000
7.5102 	 0.1429 	 1.900884
7.5102 	 0.1633 	 1.919270
7.5102 	 0.1837 	 1.940235
7.5102 	 0.2041 	 1.963865
7.5102 	 0.2245 	 1.990258
7.5102 	 0.2449 	 2.019522
7.5102 	 0.2653 	 2.051781
7.5102 	 0.2857 	 2.087170
7.5102 	 0.3061 	 2.125840
7.5102 	 0.3265 	 2.167955
7.5102 	 0.3469 	 2.213699
7.5102 	 0.3673 	 2.263271
7.5102 	 0.3878 	 2.316894
7.5102 	 0.4082 	 2.374806
7.5102 	 0.4286 	 2.437275
7.5102 	 0.4490 	 2.504587
7.5102 	 0.4694 	 2.577062
7.5102 	 0.4898 	 2.655045
7.5102 	 0.5102 	 2.738915
7.5102 	 0.5306 	 2.829089
7.5102 	 0.5510 	 2.926020
7.5102 	 0.5714 	 3.030205
7.5102 	 0.5918 	 3.142190
7.5102 	 0.6122 	 3.262570
7.5102 	 0.6327 	 3.392000
7.5102 	 0.6531 	 3.531196
7.5102 	 0.6735 	 3.680945
7.5102 	 0.6939 	 3.842110
7.5102 	 0.7143 	 4.015641
7.5102 	 0.7347 	 4.202579
7.5102 	 0.7551 	 4.404073
7.5102 	 0.7755 	 4.621386
7.5102 	 0.7959 	 4.855910
7.5102 	 0.8163 	 5.109180
7.5102 	 0.8367 	 5.382890
7.5102 	 0.8571 	 5.678912
7.5102 	 0.8776 	 5.999315
7.5102 	 0.8980 	 6.346388
7.5102 	 0.9184 	 6.722668
7.5102 	 0.9388 	 7.130966
7.5102 	 0.9592 	 7.574402
7.5102 	 0.9796 	 8.056440
7.5102 	 1.0000 	 8.580934
7.6735 	 0.0000 	 1.252811
7.6735 	 0.0204 	 1.254035
7.6735 	 0.0408 	 1.256788
7.6735 	 0.0612 	 1.261086
7.6735 	 0.0816 	 1.266947
7.6735 	 0.1020 	 1.274397
7.6735 	 0.1224 	 1.283468
7.6735 	 0.1429 	 1.294197
7.6735 	 0.1633 	 1.306628
7.6735 	 0.1837 	 1.320814
7.6735 	 0.2041 	 1.336812
7.6735 	 0.2245 	 1.354689
7.6735 	 0.2449 	 1.374519
7.6735 	 0.2653 	 1.396384
7.6735 	 0.2857 	 1.420378
7.6735 	 0.3061 	 1.446600
7.6735 	 0.3265 	 1.475164
7.6735 	 0.3469 	 1.506194
7.6735 	 0.3673 	 1.539826
7.6735 	 0.3878 	 1.576209
7.6735 	 0.4082 	 1.615506
7.6735 	 0.4286 	 1.657898
7.6735 	 0.4490 	 1.703580
7.6735 	 0.4694 	 1.752767
7.6735 	 0.4898 	 1.805696
7.6735 	 0.5102 	 1.862622
7.6735 	 0.5306 	 1.923829
7.6735 	 0.5510 	 1.989623
7.6735 	 0.5714 	 2.060342
7.6735 	 0.5918 	 2.136357
7.6735 	 0.6122 	 2.218070
7.6735 	 0.6327 	 2.305927
7.6735 	 0.6531 	 2.400413
7.6735 	 0.6735 	 2.502062
7.6735 	 0.6939 	 2.611460
7.6735 	 0.7143 	 2.729249
7.6735 	 0.7347 	 2.856139
7.6735 	 0.7551 	 2.992906
7.6735 	 0.7755 	 3.140408
7.6735 	 0.7959 	 3.299590
7.6735 	 0.8163 	 3.471492
7.6735 	 0.8367 	 3.657263
7.6735 	 0.8571 	 3.858173
7.6735 	 0.8776 	 4.075625
7.6735 	 0.8980 	 4.311172
7.6735 	 0.9184 	 4.566534
7.6735 	 0.9388 	 4.843618
7.6735 	 0.9592 	 5.144539
7.6735 	 0.9796 	 5.471647
7.6735 	 1.0000 	 5.827555
7.8367 	 0.0000 	 0.639733
7.8367 	 0.0204 	 0.640245
7.8367 	 0.0408 	 0.641554
7.8367 	 0.0612 	 0.643653
7.8367 	 0.0816 	 0.646552
7.8367 	 0.1020 	 0.650261
7.8367 	 0.1224 	 0.654798
7.8367 	 0.1429 	 0.660181
7.8367 	 0.1633 	 0.666433
7.8367 	 0.1837 	 0.673579
7.8367 	 0.2041 	 0.681649
7.8367 	 0.2245 	 0.690677
7.8367 	 0.2449 	 0.700699
7.8367 	 0.2653 	 0.711757
7.8367 	 0.2857 	 0.723899
7.8367 	 0.3061 	 0.737175
7.8367 	 0.3265 	 0.751643
7.8367 	 0.3469 	 0.767365
7.8367 	 0.3673 	 0.784411
7.8367 	 0.3878 	 0.802855
7.8367 	 0.4082 	 0.822781
7.8367 	 0.4286 	 0.844280
7.8367 	 0.4490 	 0.867451
7.8367 	 0.4694 	 0.892403
7.8367 	 0.4898 	 0.919257
7.8367 	 0.5102 	 0.948141
7.8367 	 0.5306 	 0.979200
7.8367 	 0.5510 	 1.012589
7.8367 	 0.5714 	 1.048479
7.8367 	 0.5918 	 1.087059
7.8367 	 0.6122 	 1.128532
7.8367 	 0.6327 	 1.173125
7.8367 	 0.6531 	 1.221083
7.8367 	 0.6735 	 1.272678
7.8367 	 0.6939 	 1.328207
7.8367 	 0.7143 	 1.387995
7.8367 	 0.7347 	 1.452403
7.8367 	 0.7551 	 1.521824
7.8367 	 0.7755 	 1.596693
7.8367 	 0.7959 	 1.677490
7.8367 	 0.8163 	 1.764743
7.8367 	 0.8367 	 1.859033
7.8367 	 0.8571 	 1.961005
7.8367 	 0.8776 	 2.071372
7.8367 	 0.8980 	 2.190919
7.8367 	 0.9184 	 2.320520
7.8367 	 0.9388 	 2.461142
7.8367 	 0.9592 	 2.613857
7.8367 	 0.9796 	 2.779857
7.8367 	 1.0000 	 2.960467
8.0000 	 0.0000 	 0.000000
8.0000 	 0.0204 	 0.003173
8.0000 	 0.0408 	 0.003184
8.0000 	 0.0612 	 0.003198
8.0000 	 0.0816 	 0.003216
8.0000 	 0.1020 	 0.003238
8.0000 	 0.1224 	 0.003265
8.0000 	 0.1429 	 0.003296
8.0000 	 0.1633 	 0.003331
8.0000 	 0.1837 	 0.003371
8.0000 	 0.2041 	 0.003416
8.0000 	 0.2245 	 0.003465
8.0000 	 0.2449 	 0.003520
8.0000 	 0.2653 	 0.003580
8.0000 	 0.2857 	 0.003645
8.0000 	 0.3061 	 0.003717
8.0000 	 0.3265 	 0.003794
8.0000 	 0.3469 	 0.003879
8.0000 	 0.3673 	 0.003970
8.0000 	 0.3878 	 0.004068
8.0000 	 0.4082 	 0.004174
8.0000 	 0.4286 	 0.004289
8.0000 	 0.4490 	 0.004412
8.0000 	 0.4694 	 0.004545
8.0000 	 0.4898 	 0.004688
8.0000 	 0.5102 	 0.004841
8.0000 	 0.5306 	 0.005006
8.0000 	 0.5510 	 0.005183
8.0000 	 0.5714 	 0.005374
8.0000 	 0.5918 	 0.005579
8.0000 	 0.6122 	 0.005799
8.0000 	 0.6327 	 0.006036
8.0000 	 0.6531 	 0.006291
8.0000 	 0.6735 	 0.006566
8.0000 	 0.6939 	 0.006861
8.0000 	 0.7143 	 0.007179
8.0000 	 0.7347 	 0.007522
8.0000 	 0.7551 	 0.007892
8.0000 	 0.7755 	 0.008291
8.0000 	 0.7959 	 0.008723
8.0000 	 0.8163 	 0.009188
8.0000 	 0.8367 	 0.009692
8.0000 	 0.8571 	 0.010237
8.0000 	 0.8776 	 0.010828
8.0000 	 0.8980 	 0.011468
8.0000 	 0.9184 	 0.012163
8.0000 	 0.9388 	 0.012918
8.0000 	 0.9592 	 0.013738
8.0000 	 0.9796 	 0.014630
8.0000 	 1.0000 	 0.015602
